time,open,high,low,close,volume
2026-03-26 16:59:53,260.0000,245.0000,252.5000,256.1100,5.3400
2026-03-26 17:00:21,260.0000,245.0000,252.5000,256.1100,5.3400
2026-03-26 17:00:21,260.0000,245.0000,252.5000,256.1100,5.3400
2026-03-27 08:42:44,260.0000,245.0000,252.5000,254.8900,5.8400
2026-03-27 09:05:28,260.0000,250.0000,252.5000,253.4900,5.5800
2026-03-27 09:20:15,260.0000,250.0000,252.5000,253.4900,5.5800
2026-03-27 09:31:43,260.0000,250.0000,252.5000,253.4900,5.5800
2026-03-27 09:36:48,260.0000,250.0000,252.5000,253.1500,5.5700
2026-03-27 09:44:03,260.0000,250.0000,252.5000,253.1500,5.5700
2026-03-27 09:46:42,260.0000,250.0000,252.5000,253.1500,5.5700
2026-03-27 09:48:50,260.0000,250.0000,252.5000,253.1500,5.5700
2026-03-27 11:45:00,260.0000,250.0000,252.5000,252.5000,5.6400
2026-03-27 13:00:13,260.0000,250.0000,252.5000,252.4800,5.6400
2026-03-27 13:30:26,260.0000,250.0000,252.5000,252.5700,5.6400
2026-03-27 13:39:41,260.0000,250.0000,252.5000,253.1600,5.5700
2026-03-27 13:57:44,260.0000,250.0000,252.5000,254.0400,9.1700
2026-03-27 14:00:29,260.0000,250.0000,252.5000,254.2400,8.8800
2026-03-27 14:30:29,260.0000,250.0000,252.5000,254.7800,7.6400
2026-03-27 15:00:28,255.0000,250.0000,252.5000,252.4700,8.0100
2026-03-27 15:30:29,255.0000,250.0000,252.5000,252.1800,6.4000
2026-03-27 16:00:30,255.0000,250.0000,252.5000,252.6400,8.1800
2026-03-27 16:30:29,255.0000,250.0000,252.5000,252.6900,9.7200
2026-03-27 17:00:27,255.0000,250.0000,252.5000,252.2000,9.3600
2026-03-27 20:04:07,252.5000,247.5000,252.5000,248.4900,12.6000
2026-03-30 07:04:42,257.5000,245.0000,255.0000,247.2500,4.7900
2026-03-30 07:52:45,257.5000,245.0000,255.0000,247.2500,4.7900
2026-03-30 09:20:57,257.5000,245.0000,255.0000,247.2500,4.7900
2026-03-30 09:25:34,257.5000,245.0000,247.5000,248.9000,4.6100
2026-03-30 09:26:52,257.5000,245.0000,247.5000,248.9000,4.6100
2026-03-30 13:00:14,257.5000,245.0000,247.5000,249.4000,4.6200
2026-03-30 13:30:29,257.5000,245.0000,247.5000,249.3500,4.6200
2026-03-30 14:00:24,257.5000,245.0000,247.5000,247.1800,5.6200
2026-03-30 14:03:54,257.5000,245.0000,247.5000,247.2100,5.6200
2026-03-30 14:30:30,257.5000,245.0000,247.5000,247.8400,4.6100
2026-03-30 14:40:44,257.5000,245.0000,247.5000,247.8900,5.3600
2026-03-30 14:48:55,255.0000,245.0000,247.5000,247.6300,4.9800
2026-03-30 15:00:30,255.0000,245.0000,247.5000,246.9700,5.2600
2026-03-30 15:30:30,255.0000,245.0000,247.5000,246.5300,5.2800
2026-03-30 16:00:30,255.0000,245.0000,247.5000,246.9400,5.2800
2026-03-30 16:30:31,255.0000,245.0000,247.5000,246.9700,5.3100
2026-03-30 17:00:32,255.0000,245.0000,247.5000,246.9400,5.2800
2026-03-30 17:30:32,255.0000,245.0000,247.5000,246.8500,4.8700
2026-03-30 18:00:30,255.0000,245.0000,247.5000,246.9400,5.2900
2026-03-30 18:30:30,255.0000,245.0000,247.5000,246.5800,5.0900
2026-03-30 19:00:28,255.0000,245.0000,247.5000,246.4400,4.9500
2026-03-30 19:30:28,255.0000,245.0000,247.5000,246.1500,5.4000
2026-03-30 20:00:30,255.0000,245.0000,247.5000,245.8700,5.3300
2026-03-31 08:14:00,255.0000,245.0000,247.5000,245.2500,5.2600
2026-03-31 13:15:51,255.0000,242.5000,250.0000,248.1600,5.1300
2026-03-31 13:30:25,255.0000,242.5000,250.0000,247.8400,5.1300
2026-03-31 13:58:40,255.0000,242.5000,250.0000,247.9800,4.2500
2026-03-31 14:00:27,255.0000,242.5000,250.0000,247.7900,4.2400
2026-03-31 14:30:28,255.0000,242.5000,250.0000,248.5400,5.0000
2026-03-31 14:57:46,255.0000,242.5000,250.0000,248.1100,4.1600
2026-03-31 15:00:28,255.0000,242.5000,250.0000,247.6900,4.0600
2026-03-31 15:30:28,255.0000,242.5000,250.0000,248.3300,4.8600
2026-03-31 15:34:15,255.0000,242.5000,250.0000,248.8100,4.7500
2026-03-31 16:00:28,255.0000,242.5000,250.0000,248.6400,4.8800
2026-03-31 16:30:26,255.0000,242.5000,250.0000,249.4400,4.7700
2026-03-31 17:00:27,255.0000,242.5000,250.0000,251.7800,5.1800
2026-03-31 17:30:27,255.0000,252.5000,255.0000,253.2700,5.2300
2026-03-31 18:00:26,255.0000,242.5000,250.0000,252.4200,4.6000
2026-03-31 18:30:27,255.0000,252.5000,255.0000,252.9000,5.0700
2026-03-31 19:00:29,255.0000,252.5000,255.0000,253.4100,5.1300
2026-03-31 19:30:25,255.0000,252.5000,255.0000,253.8500,5.1700
2026-04-01 07:23:20,255.0000,252.5000,255.0000,254.9900,4.4200
2026-04-01 13:00:14,257.5000,252.5000,255.0000,255.1300,4.4700
2026-04-01 13:30:27,255.0000,252.5000,255.0000,254.2900,4.4400
2026-04-01 14:00:22,257.5000,252.5000,255.0000,255.3400,5.3900
2026-04-01 14:30:20,255.0000,252.5000,255.0000,254.1200,4.3000
2026-04-01 15:00:22,255.0000,252.5000,255.0000,254.2500,5.0800
2026-04-01 17:05:21,255.0000,252.5000,255.0000,254.8300,5.1100
2026-04-01 17:30:29,255.0000,252.5000,255.0000,254.9700,4.6000
2026-04-01 18:00:31,255.0000,252.5000,255.0000,255.0000,4.9500
2026-04-01 18:30:30,255.0000,252.5000,255.0000,254.7900,5.0900
2026-04-01 19:00:31,255.0000,252.5000,255.0000,254.6700,5.3500
2026-04-01 19:30:27,255.0000,252.5000,255.0000,254.8800,5.1500
2026-04-01 20:00:27,257.5000,252.5000,255.0000,255.9300,5.5100
2026-04-02 08:10:49,257.5000,252.5000,255.0000,254.9800,4.7300
2026-04-02 13:00:14,257.5000,252.5000,255.0000,253.5000,4.6700
2026-04-02 13:30:27,257.5000,252.5000,255.0000,253.4000,4.6700
2026-04-02 14:00:26,255.0000,247.5000,255.0000,250.8500,7.3900
2026-04-02 14:30:29,255.0000,247.5000,255.0000,252.0400,6.6500
2026-04-02 15:00:31,255.0000,252.5000,255.0000,254.0400,8.7700
2026-04-02 15:30:29,255.0000,252.5000,255.0000,254.9100,7.3100
2026-04-02 16:00:28,255.0000,252.5000,255.0000,254.8300,7.3600
2026-04-02 16:30:29,255.0000,252.5000,255.0000,254.5000,7.0100
2026-04-02 17:00:27,255.0000,252.5000,255.0000,254.8000,8.8700
2026-04-02 17:30:26,257.5000,252.5000,255.0000,255.1800,8.5200
2026-04-02 18:00:27,255.0000,252.5000,255.0000,254.9100,7.7100
2026-04-02 18:30:27,257.5000,252.5000,255.0000,255.1800,9.0200
2026-04-02 19:00:28,257.5000,252.5000,255.0000,255.0500,9.5800
2026-04-02 19:30:29,257.5000,252.5000,255.0000,255.4700,10.0500
2026-04-03 12:52:23,265.0000,245.0000,257.5000,255.4500,3.8700
2026-04-03 13:00:23,265.0000,245.0000,257.5000,255.4500,3.8700
2026-04-03 13:30:27,265.0000,245.0000,257.5000,255.4500,3.8700
2026-04-03 14:00:26,265.0000,245.0000,257.5000,255.4500,3.8700
2026-04-03 14:30:23,265.0000,245.0000,257.5000,255.4500,3.8700
2026-04-03 15:00:25,265.0000,245.0000,257.5000,255.4500,3.8700
2026-04-03 15:01:47,265.0000,245.0000,257.5000,255.4500,3.8700
2026-04-03 15:30:25,265.0000,245.0000,257.5000,255.4500,3.8700
2026-04-03 16:00:24,265.0000,245.0000,257.5000,255.4500,3.8700
2026-04-03 16:30:21,265.0000,245.0000,257.5000,255.4500,3.8700
2026-04-03 17:00:24,265.0000,245.0000,257.5000,255.4500,3.8700
2026-04-03 17:30:24,265.0000,245.0000,257.5000,255.4500,3.8700
2026-04-03 18:00:21,265.0000,245.0000,257.5000,255.4500,3.8700
2026-04-03 19:02:12,265.0000,245.0000,257.5000,255.4500,3.8700
2026-04-03 19:30:27,265.0000,245.0000,257.5000,255.4500,3.8700
2026-04-03 20:00:22,265.0000,245.0000,257.5000,255.4500,3.8700
2026-04-06 10:12:24,265.0000,245.0000,257.5000,256.3500,3.8800
2026-04-06 13:00:14,265.0000,245.0000,257.5000,256.3600,3.8800
2026-04-06 13:30:27,265.0000,245.0000,257.5000,256.2000,3.8800
2026-04-06 14:00:26,265.0000,245.0000,257.5000,258.0100,4.0800
2026-04-06 14:30:26,270.0000,245.0000,257.5000,259.8300,4.1900
2026-04-06 15:00:28,280.0000,245.0000,257.5000,260.9300,4.2400
2026-04-06 16:00:57,270.0000,245.0000,257.5000,259.0800,4.1900
2026-04-06 16:30:31,270.0000,245.0000,257.5000,258.9600,4.1800
2026-04-06 17:00:30,270.0000,245.0000,257.5000,259.3600,4.1900
2026-04-06 17:30:33,265.0000,245.0000,257.5000,258.0500,4.1800
2026-04-06 18:00:34,265.0000,245.0000,257.5000,258.5600,4.1900
2026-04-06 18:24:41,265.0000,245.0000,257.5000,257.8800,4.3500
2026-04-06 18:30:31,265.0000,245.0000,257.5000,258.3800,4.2200
2026-04-06 19:00:30,270.0000,245.0000,257.5000,259.0300,4.2700
2026-04-06 19:30:33,270.0000,245.0000,257.5000,258.6400,4.2500
2026-04-06 20:00:34,270.0000,245.0000,257.5000,258.8300,4.2500
2026-04-07 08:13:08,270.0000,245.0000,257.5000,257.9000,4.2400
2026-04-07 13:00:12,265.0000,245.0000,257.5000,256.8500,4.4500
2026-04-07 13:30:26,265.0000,245.0000,257.5000,256.3200,4.4400
2026-04-07 14:00:28,265.0000,245.0000,252.5000,250.4900,4.8100
2026-04-07 14:30:30,265.0000,245.0000,252.5000,248.7300,4.8600
2026-04-07 15:00:29,265.0000,245.0000,252.5000,247.3500,5.0900
2026-04-07 15:30:30,265.0000,245.0000,252.5000,246.8100,5.1400
2026-04-07 16:00:33,265.0000,245.0000,252.5000,247.8500,4.8800
2026-04-07 16:30:31,265.0000,245.0000,252.5000,249.1500,4.8800
2026-04-07 17:00:33,265.0000,245.0000,252.5000,249.8800,4.8700
2026-04-07 17:30:34,265.0000,245.0000,252.5000,251.5800,4.8900
2026-04-07 18:00:31,265.0000,245.0000,252.5000,251.7800,4.8400
2026-04-07 18:30:30,265.0000,245.0000,252.5000,251.7300,4.9100
2026-04-07 19:00:31,265.0000,245.0000,252.5000,251.1500,4.9400
2026-04-07 19:30:28,265.0000,245.0000,252.5000,251.2100,5.0700
2026-04-08 13:00:14,265.0000,245.0000,252.5000,258.6400,4.6900
2026-04-08 13:30:30,265.0000,245.0000,252.5000,259.4900,4.7100
2026-04-08 14:00:33,265.0000,245.0000,252.5000,257.4600,4.3000
2026-04-08 14:30:33,265.0000,245.0000,252.5000,259.0000,4.2300
2026-04-08 14:40:50,265.0000,245.0000,252.5000,258.3200,4.2300
2026-04-08 15:00:32,265.0000,245.0000,252.5000,258.3500,4.2600
2026-04-08 15:30:33,265.0000,245.0000,252.5000,258.4300,4.3400
2026-04-08 16:00:32,265.0000,245.0000,252.5000,258.0700,4.2400
2026-04-08 16:30:30,265.0000,245.0000,252.5000,257.7700,4.3000
2026-04-08 17:00:26,265.0000,245.0000,252.5000,258.1900,4.2200
2026-04-08 17:30:27,265.0000,245.0000,252.5000,258.4100,4.1300
2026-04-08 18:00:31,265.0000,245.0000,252.5000,257.9800,4.1700
2026-04-08 18:30:29,265.0000,245.0000,252.5000,257.6000,4.2800
2026-04-08 19:00:30,265.0000,245.0000,252.5000,257.2100,4.3300
2026-04-08 19:30:28,265.0000,245.0000,252.5000,257.7800,4.4100
2026-04-08 20:00:24,265.0000,245.0000,252.5000,258.0200,4.2200
2026-04-09 10:21:51,265.0000,245.0000,257.5000,258.4800,4.2000
2026-04-09 13:00:08,265.0000,245.0000,257.5000,257.8400,4.3300
2026-04-09 13:30:20,265.0000,245.0000,257.5000,257.8800,4.3400
2026-04-09 14:00:23,265.0000,245.0000,257.5000,258.0600,4.0500
2026-04-09 14:30:23,265.0000,245.0000,257.5000,257.8300,4.1600
2026-04-09 15:00:27,265.0000,245.0000,257.5000,258.1000,4.0000
2026-04-09 15:30:27,265.0000,245.0000,257.5000,257.6200,4.0100
2026-04-09 16:00:20,265.0000,245.0000,257.5000,257.9200,3.9800
2026-04-09 16:30:24,265.0000,245.0000,257.5000,259.0100,3.9600
2026-04-09 17:00:29,265.0000,245.0000,257.5000,258.9800,3.9600
2026-04-09 17:30:28,265.0000,245.0000,257.5000,259.8800,3.9800
2026-04-09 18:00:31,270.0000,245.0000,257.5000,260.0500,4.0000
2026-04-09 18:30:28,265.0000,245.0000,257.5000,259.8800,4.0200
2026-04-09 19:00:27,265.0000,245.0000,257.5000,259.6400,3.9800
2026-04-09 19:30:25,265.0000,245.0000,257.5000,260.0700,3.9900
2026-04-09 20:00:25,270.0000,245.0000,257.5000,260.7400,4.0400
2026-04-10 11:07:05,265.0000,245.0000,257.5000,260.3000,3.9400
2026-04-10 13:00:15,265.0000,245.0000,257.5000,259.4300,3.9300
2026-04-10 13:30:30,265.0000,245.0000,257.5000,259.0600,3.9300
2026-04-10 14:00:31,265.0000,245.0000,257.5000,259.7600,4.0000
2026-04-10 14:30:29,270.0000,245.0000,257.5000,261.5600,4.0000
2026-04-10 15:00:23,270.0000,245.0000,257.5000,261.6600,3.9800
2026-04-10 15:30:22,270.0000,245.0000,257.5000,261.6400,3.9900
2026-04-10 16:00:25,270.0000,245.0000,257.5000,261.5700,4.0500
2026-04-10 16:30:26,265.0000,245.0000,257.5000,260.8700,3.9900
2026-04-10 17:00:23,265.0000,245.0000,257.5000,260.0000,3.9200
2026-04-10 17:30:26,262.5000,245.0000,257.5000,259.6600,3.9300
2026-04-10 18:00:30,262.5000,245.0000,257.5000,259.3800,3.9500
2026-04-10 18:30:29,262.5000,245.0000,257.5000,259.5100,3.9600
2026-04-10 19:00:30,265.0000,245.0000,257.5000,260.0700,3.9600
2026-04-10 19:30:25,262.5000,245.0000,257.5000,259.8800,3.8700
2026-04-10 20:00:25,262.5000,245.0000,257.5000,259.6400,3.8400
2026-04-13 12:08:01,265.0000,245.0000,257.5000,259.0200,3.8200
2026-04-13 13:00:16,265.0000,245.0000,257.5000,259.2500,3.8300
2026-04-13 13:30:29,265.0000,245.0000,257.5000,259.5200,3.8300
2026-04-13 13:59:27,265.0000,245.0000,257.5000,257.8600,4.6800
2026-04-13 14:01:54,265.0000,245.0000,257.5000,257.8800,4.6400
2026-04-13 14:30:25,265.0000,245.0000,257.5000,257.9000,4.4900
2026-04-13 15:00:26,265.0000,245.0000,257.5000,257.3700,4.4000
2026-04-13 15:30:28,265.0000,245.0000,257.5000,257.6300,4.6000
2026-04-13 16:00:27,265.0000,245.0000,257.5000,257.1200,4.5700
2026-04-13 16:30:31,265.0000,245.0000,257.5000,256.9900,4.5000
2026-04-13 17:00:29,265.0000,245.0000,257.5000,258.0100,4.4500
2026-04-13 17:30:25,265.0000,245.0000,257.5000,257.8500,4.4600
2026-04-13 18:00:26,265.0000,245.0000,257.5000,257.6900,4.0400
2026-04-13 18:30:28,265.0000,245.0000,257.5000,257.8400,4.4800
2026-04-13 19:00:26,265.0000,245.0000,257.5000,258.1900,4.4000
2026-04-14 13:00:13,265.0000,245.0000,257.5000,259.5400,4.4000
2026-04-14 13:30:28,265.0000,245.0000,257.5000,259.5100,4.3400
2026-04-14 14:00:30,265.0000,245.0000,257.5000,261.3700,4.5900
2026-04-14 14:30:27,265.0000,245.0000,257.5000,259.9800,4.6400
2026-04-14 15:00:28,265.0000,245.0000,257.5000,258.4600,4.4000
2026-04-14 15:30:32,265.0000,245.0000,257.5000,257.6300,4.5400
2026-04-14 16:00:32,265.0000,245.0000,257.5000,258.2000,4.6300
2026-04-14 18:06:15,265.0000,245.0000,257.5000,258.2300,4.7900
2026-04-14 18:30:30,265.0000,245.0000,257.5000,258.8100,4.7500
2026-04-14 19:00:28,265.0000,245.0000,257.5000,258.1500,4.0800
2026-04-14 19:30:28,265.0000,245.0000,257.5000,258.2600,4.6900
2026-04-14 20:00:30,265.0000,245.0000,257.5000,258.5100,4.6600
2026-04-15 06:05:04,265.0000,245.0000,257.5000,258.6000,4.6600
2026-04-15 10:47:36,265.0000,255.0000,257.5000,258.6200,4.6600
2026-04-15 10:53:48,265.0000,255.0000,257.5000,258.6200,4.6600
2026-04-15 10:57:45,265.0000,255.0000,257.5000,258.6200,4.6600
2026-04-15 13:00:13,265.0000,255.0000,257.5000,258.4000,4.6600
2026-04-15 13:30:27,265.0000,255.0000,257.5000,258.0200,4.6500
2026-04-15 14:00:28,265.0000,255.0000,257.5000,258.7500,4.4200
2026-04-15 14:30:29,265.0000,255.0000,257.5000,260.0500,4.9400
2026-04-15 15:00:25,265.0000,255.0000,257.5000,261.2700,5.2100
2026-04-15 15:30:24,265.0000,255.0000,257.5000,263.4700,5.3000
2026-04-15 16:00:25,265.0000,255.0000,257.5000,263.7200,5.2700
2026-04-15 16:30:25,270.0000,255.0000,257.5000,265.2900,5.3900
2026-04-15 17:00:28,265.0000,255.0000,257.5000,264.9000,5.3500
2026-04-15 17:30:27,270.0000,245.0000,257.5000,265.5800,5.3200
2026-04-15 18:00:24,265.0000,255.0000,257.5000,264.6800,4.9600
2026-04-15 18:30:26,270.0000,255.0000,257.5000,265.0500,5.2400
2026-04-15 19:00:31,270.0000,255.0000,257.5000,265.5600,5.3000
2026-04-15 19:30:29,270.0000,255.0000,257.5000,265.4500,5.1000
2026-04-15 20:00:29,270.0000,255.0000,257.5000,265.7400,5.2700
2026-04-16 11:00:09,270.0000,245.0000,260.0000,266.9600,4.8600
2026-04-16 13:00:11,270.0000,245.0000,260.0000,267.9500,4.8800
2026-04-16 13:30:21,270.0000,245.0000,260.0000,267.5000,4.8700
2026-04-16 14:00:20,265.0000,255.0000,260.0000,262.8900,6.3600
