time,open,high,low,close,volume
2026-03-26 16:59:53,210.0000,205.0000,207.5000,206.6700,8.1000
2026-03-26 17:00:21,210.0000,205.0000,207.5000,206.7900,8.1000
2026-03-26 17:00:21,210.0000,205.0000,207.5000,206.7900,8.1000
2026-03-27 08:42:44,210.0000,205.0000,207.5000,205.3000,7.0900
2026-03-27 09:05:28,210.0000,205.0000,207.5000,205.3000,7.0900
2026-03-27 09:20:15,210.0000,205.0000,207.5000,205.3000,7.0900
2026-03-27 09:31:43,210.0000,200.0000,207.5000,202.3600,7.3500
2026-03-27 09:36:48,210.0000,200.0000,207.5000,202.3600,7.3500
2026-03-27 09:44:03,210.0000,200.0000,207.5000,202.3600,7.3500
2026-03-27 09:46:42,210.0000,200.0000,207.5000,202.3600,7.3500
2026-03-27 09:48:50,210.0000,200.0000,207.5000,202.3600,7.3500
2026-03-27 11:45:00,210.0000,200.0000,207.5000,201.5000,7.3200
2026-03-27 13:00:13,210.0000,200.0000,207.5000,201.7500,7.3300
2026-03-27 13:30:26,210.0000,200.0000,207.5000,201.4000,7.3100
2026-03-27 13:39:41,210.0000,200.0000,207.5000,202.5000,7.3500
2026-03-27 13:57:44,210.0000,200.0000,207.5000,202.2600,11.6100
2026-03-27 14:00:29,210.0000,200.0000,207.5000,201.6500,11.4600
2026-03-27 14:30:29,210.0000,200.0000,207.5000,200.1700,10.8900
2026-03-27 15:00:28,210.0000,192.5000,207.5000,197.8700,10.3200
2026-03-27 15:30:29,210.0000,192.5000,207.5000,199.5600,10.0000
2026-03-27 16:00:30,210.0000,200.0000,207.5000,200.8900,10.5700
2026-03-27 16:30:29,207.5000,200.0000,207.5000,201.2600,10.4900
2026-03-27 17:00:27,210.0000,200.0000,207.5000,200.8700,10.6900
2026-03-27 20:04:07,210.0000,200.0000,207.5000,201.2500,19.0800
2026-03-30 07:04:42,215.0000,192.5000,207.5000,199.8000,7.0700
2026-03-30 07:52:45,215.0000,192.5000,207.5000,199.8000,7.0700
2026-03-30 09:20:57,215.0000,192.5000,207.5000,199.8000,7.0700
2026-03-30 09:25:34,215.0000,192.5000,205.0000,204.0500,6.8300
2026-03-30 09:26:52,215.0000,192.5000,205.0000,204.0500,6.8300
2026-03-30 13:00:14,215.0000,192.5000,205.0000,205.4900,6.7400
2026-03-30 13:30:29,215.0000,192.5000,205.0000,205.4500,6.7400
2026-03-30 14:00:24,215.0000,192.5000,205.0000,205.5600,8.2400
2026-03-30 14:03:54,215.0000,192.5000,205.0000,204.1200,8.4400
2026-03-30 14:30:30,215.0000,192.5000,205.0000,205.2800,8.1200
2026-03-30 14:40:44,215.0000,192.5000,205.0000,203.7800,8.2200
2026-03-30 14:48:55,215.0000,192.5000,205.0000,203.1300,8.1200
2026-03-30 15:00:30,215.0000,192.5000,205.0000,199.4100,8.3700
2026-03-30 15:30:30,215.0000,192.5000,205.0000,199.8600,8.3400
2026-03-30 16:00:30,215.0000,192.5000,205.0000,201.1900,8.1200
2026-03-30 16:30:31,215.0000,192.5000,205.0000,197.9000,8.2300
2026-03-30 17:00:32,215.0000,192.5000,205.0000,197.8800,8.2200
2026-03-30 17:30:32,207.5000,192.5000,205.0000,196.8400,8.2100
2026-03-30 18:00:30,207.5000,192.5000,205.0000,196.5900,8.1600
2026-03-30 18:30:30,207.5000,192.5000,205.0000,195.7300,8.1700
2026-03-30 19:00:28,207.5000,192.5000,205.0000,195.9300,8.1300
2026-03-30 19:30:28,207.5000,192.5000,205.0000,193.4600,8.2500
2026-03-30 20:00:30,207.5000,192.5000,205.0000,194.4900,8.1600
2026-03-31 08:14:00,207.5000,192.5000,205.0000,193.6800,8.2300
2026-03-31 13:15:51,207.5000,192.5000,205.0000,199.1000,8.2100
2026-03-31 13:30:25,207.5000,192.5000,205.0000,199.1000,8.2100
2026-03-31 13:58:40,207.5000,192.5000,205.0000,198.2200,8.2400
2026-03-31 14:00:27,207.5000,192.5000,205.0000,198.2500,8.2500
2026-03-31 14:30:28,207.5000,192.5000,205.0000,200.1500,7.8500
2026-03-31 14:57:46,207.5000,192.5000,205.0000,200.5600,7.9500
2026-03-31 15:00:28,207.5000,192.5000,205.0000,200.1200,7.8100
2026-03-31 15:30:28,207.5000,192.5000,205.0000,200.5000,7.6000
2026-03-31 15:34:15,207.5000,192.5000,205.0000,199.8600,7.7800
