time,open,high,low,close,volume
2026-03-26 16:59:53,215.0000,205.0000,207.5000,210.2200,4.8500
2026-03-26 17:00:21,215.0000,205.0000,207.5000,210.2200,4.8500
2026-03-26 17:00:21,215.0000,205.0000,207.5000,210.2200,4.8500
2026-03-27 08:42:44,210.0000,205.0000,207.5000,208.0400,4.9900
2026-03-27 09:05:28,210.0000,205.0000,207.5000,208.0400,4.9900
2026-03-27 09:20:15,210.0000,205.0000,207.5000,208.0400,4.9900
2026-03-27 09:31:43,210.0000,205.0000,207.5000,207.4200,5.1000
2026-03-27 09:36:48,210.0000,205.0000,207.5000,207.4200,5.1000
2026-03-27 09:44:03,210.0000,205.0000,207.5000,207.3600,5.1000
2026-03-27 09:46:42,210.0000,205.0000,207.5000,207.3600,5.1000
2026-03-27 09:48:50,210.0000,205.0000,207.5000,207.3600,5.1000
2026-03-27 11:45:00,210.0000,205.0000,207.5000,206.6000,5.3800
2026-03-27 13:00:13,210.0000,205.0000,207.5000,206.0400,5.3600
2026-03-27 13:30:26,210.0000,205.0000,207.5000,205.6500,5.3500
2026-03-27 13:39:41,210.0000,205.0000,207.5000,206.0000,5.3600
2026-03-27 13:57:44,207.5000,202.5000,207.5000,203.4800,8.1600
2026-03-27 14:00:29,207.5000,200.0000,207.5000,203.3700,8.3200
2026-03-27 14:30:29,207.5000,200.0000,207.5000,201.7100,8.6500
2026-03-27 15:00:28,207.5000,200.0000,207.5000,201.4100,8.5200
2026-03-27 15:30:29,207.5000,200.0000,207.5000,201.1000,7.8900
2026-03-27 16:00:30,207.5000,200.0000,207.5000,201.1100,7.9300
2026-03-27 16:30:29,210.0000,200.0000,207.5000,200.8500,7.0800
2026-03-27 17:00:27,210.0000,200.0000,207.5000,200.9000,6.2900
2026-03-27 20:04:07,210.0000,197.5000,207.5000,199.4300,12.5200
2026-03-30 07:04:42,215.0000,190.0000,205.0000,198.4200,4.8700
2026-03-30 07:52:45,215.0000,190.0000,205.0000,198.4200,4.8700
2026-03-30 09:20:57,215.0000,190.0000,205.0000,198.4200,4.8700
2026-03-30 09:25:34,215.0000,190.0000,205.0000,198.4200,4.8700
2026-03-30 09:26:52,215.0000,190.0000,205.0000,198.4200,4.8700
2026-03-30 13:00:14,205.0000,195.0000,205.0000,201.7500,4.7500
2026-03-30 13:30:29,205.0000,195.0000,205.0000,201.8000,4.7500
2026-03-30 14:00:24,205.0000,197.5000,205.0000,200.9300,5.2800
2026-03-30 14:03:54,205.0000,197.5000,205.0000,200.8100,5.2300
2026-03-30 14:30:30,205.0000,197.5000,205.0000,201.2800,5.2000
2026-03-30 14:40:44,205.0000,197.5000,205.0000,201.5500,5.2100
2026-03-30 14:48:55,205.0000,197.5000,205.0000,201.5300,5.1600
2026-03-30 15:00:30,205.0000,197.5000,205.0000,201.2500,5.2200
2026-03-30 15:30:30,205.0000,197.5000,205.0000,202.3700,5.2600
2026-03-30 16:00:30,205.0000,197.5000,205.0000,203.3000,5.1300
2026-03-30 16:30:31,205.0000,197.5000,205.0000,203.1200,5.1000
2026-03-30 17:00:32,205.0000,197.5000,205.0000,202.9000,5.1000
2026-03-30 17:30:32,205.0000,197.5000,205.0000,202.3400,5.2400
2026-03-30 18:00:30,205.0000,197.5000,205.0000,202.0300,5.2000
2026-03-30 18:30:30,205.0000,197.5000,205.0000,201.4700,5.1800
2026-03-30 19:00:28,205.0000,197.5000,205.0000,200.9400,5.1100
2026-03-30 19:30:28,205.0000,197.5000,205.0000,200.1200,5.2000
