time,open,high,low,close,volume
2026-03-26 16:59:53,315.0000,307.5000,315.0000,312.5500,10.0400
2026-03-26 17:00:21,315.0000,307.5000,315.0000,312.5700,10.0500
2026-03-26 17:00:21,315.0000,307.5000,315.0000,312.5700,10.0500
2026-03-27 08:42:44,315.0000,307.5000,315.0000,311.8800,9.6100
2026-03-27 09:05:28,315.0000,307.5000,315.0000,311.8800,9.6100
2026-03-27 09:20:15,315.0000,307.5000,315.0000,310.5000,9.6400
2026-03-27 09:31:43,315.0000,307.5000,315.0000,310.5000,9.6400
2026-03-27 09:36:48,315.0000,307.5000,315.0000,310.5000,9.6400
2026-03-27 09:44:03,315.0000,307.5000,315.0000,309.4300,9.8800
2026-03-27 09:46:42,315.0000,307.5000,315.0000,309.4300,9.8800
2026-03-27 09:48:50,315.0000,307.5000,315.0000,309.4300,9.8800
2026-03-27 11:45:00,315.0000,300.0000,315.0000,305.6400,9.8600
2026-03-27 13:00:13,315.0000,300.0000,315.0000,306.9100,9.9100
2026-03-27 13:30:26,315.0000,300.0000,315.0000,306.6800,9.9000
2026-03-27 13:39:41,315.0000,300.0000,315.0000,307.3000,9.8600
2026-03-27 13:57:44,315.0000,300.0000,315.0000,305.2600,14.2200
2026-03-27 14:00:29,315.0000,300.0000,315.0000,306.5600,14.5000
2026-03-27 14:30:29,315.0000,300.0000,315.0000,303.6200,13.6600
2026-03-27 15:00:28,315.0000,300.0000,315.0000,302.8900,11.6800
2026-03-27 15:30:29,315.0000,300.0000,315.0000,303.9300,11.1900
2026-03-27 16:00:30,315.0000,300.0000,315.0000,303.7100,14.9400
2026-03-27 16:30:29,315.0000,300.0000,315.0000,303.0200,13.9800
2026-03-27 17:00:27,315.0000,300.0000,315.0000,301.7500,9.7700
2026-03-27 20:04:07,315.0000,300.0000,315.0000,301.1700,29.3800
2026-03-30 07:04:42,325.0000,287.5000,305.0000,298.2900,9.9700
2026-03-30 07:52:45,325.0000,287.5000,305.0000,298.2900,9.9700
2026-03-30 09:20:57,325.0000,287.5000,305.0000,298.2900,9.9700
2026-03-30 09:25:34,325.0000,287.5000,305.0000,298.2900,9.9700
2026-03-30 09:26:52,325.0000,287.5000,305.0000,298.2900,9.9700
2026-03-30 13:00:14,325.0000,287.5000,305.0000,303.5800,9.2900
2026-03-30 13:30:29,325.0000,287.5000,305.0000,302.3900,9.5800
2026-03-30 14:00:24,325.0000,287.5000,305.0000,299.2000,11.3900
2026-03-30 14:03:54,325.0000,287.5000,305.0000,298.6300,11.3000
2026-03-30 14:30:30,325.0000,287.5000,305.0000,297.2000,10.7100
2026-03-30 14:40:44,325.0000,287.5000,305.0000,296.2900,10.9000
2026-03-30 14:48:55,325.0000,287.5000,305.0000,294.8700,10.9400
2026-03-30 15:00:30,325.0000,287.5000,305.0000,292.7400,10.8200
2026-03-30 15:30:30,325.0000,287.5000,305.0000,294.9700,10.8100
2026-03-30 16:00:30,325.0000,287.5000,305.0000,296.6800,10.5300
2026-03-30 16:30:31,325.0000,287.5000,305.0000,294.8000,10.5800
2026-03-30 17:00:32,325.0000,287.5000,305.0000,293.7500,10.6300
2026-03-30 17:30:32,325.0000,287.5000,305.0000,293.6400,10.5300
2026-03-30 18:00:30,325.0000,287.5000,305.0000,293.2100,10.5700
2026-03-30 18:30:30,305.0000,287.5000,305.0000,291.8900,10.5700
2026-03-30 19:00:28,305.0000,287.5000,305.0000,292.3800,10.3300
2026-03-30 19:30:28,305.0000,287.5000,305.0000,290.4300,10.4500
2026-03-30 20:00:30,305.0000,287.5000,305.0000,291.5100,10.2400
2026-03-31 08:14:00,305.0000,287.5000,305.0000,291.2800,10.2500
2026-03-31 13:15:51,305.0000,287.5000,305.0000,298.0800,10.3300
2026-03-31 13:30:25,305.0000,287.5000,305.0000,298.2200,10.3400
2026-03-31 13:58:40,305.0000,287.5000,305.0000,298.7300,10.5400
2026-03-31 14:00:27,305.0000,287.5000,305.0000,298.5800,10.4900
2026-03-31 14:30:28,320.0000,287.5000,305.0000,302.0500,10.0300
2026-03-31 14:57:46,320.0000,287.5000,305.0000,302.6100,10.0500
2026-03-31 15:00:28,320.0000,287.5000,305.0000,302.6600,9.9100
2026-03-31 15:30:28,320.0000,287.5000,305.0000,302.4000,10.0000
2026-03-31 15:34:15,320.0000,287.5000,305.0000,302.1600,9.9500
2026-03-31 16:00:28,320.0000,287.5000,305.0000,300.9600,10.1400
2026-03-31 16:30:26,320.0000,287.5000,305.0000,301.4200,9.9000
2026-03-31 17:00:27,320.0000,300.0000,305.0000,307.2600,10.0400
2026-03-31 17:30:27,320.0000,300.0000,310.0000,307.7800,10.1600
2026-03-31 18:00:26,320.0000,300.0000,305.0000,306.6800,10.2100
2026-03-31 18:30:27,320.0000,300.0000,310.0000,307.5100,10.3400
2026-03-31 19:00:29,320.0000,300.0000,310.0000,308.4600,10.5500
2026-03-31 19:30:25,320.0000,300.0000,310.0000,309.5500,10.2100
2026-04-01 07:23:20,320.0000,300.0000,310.0000,311.8900,10.0300
2026-04-01 13:00:14,315.0000,300.0000,310.0000,314.6800,9.8500
2026-04-01 13:30:27,315.0000,300.0000,310.0000,313.0300,9.8800
2026-04-01 14:00:22,315.0000,300.0000,310.0000,313.7900,10.7400
2026-04-01 14:30:20,315.0000,300.0000,310.0000,313.1900,10.3400
2026-04-01 15:00:22,315.0000,300.0000,310.0000,311.4500,9.2700
2026-04-01 17:05:21,315.0000,300.0000,310.0000,313.9900,9.2000
2026-04-01 17:30:29,315.0000,300.0000,310.0000,314.2900,9.3600
2026-04-01 18:00:31,315.0000,300.0000,310.0000,314.4900,9.5400
2026-04-01 18:30:30,315.0000,300.0000,310.0000,312.3900,9.6200
2026-04-01 19:00:31,315.0000,300.0000,310.0000,311.7500,10.0700
2026-04-01 19:30:27,315.0000,300.0000,310.0000,313.0800,10.0300
2026-04-01 20:00:27,315.0000,300.0000,310.0000,314.0600,9.3100
2026-04-02 08:10:49,315.0000,300.0000,310.0000,313.2900,9.9200
2026-04-02 13:00:14,315.0000,300.0000,305.0000,304.3500,10.8000
2026-04-02 13:30:27,315.0000,300.0000,305.0000,303.9500,10.7800
2026-04-02 14:00:26,305.0000,300.0000,305.0000,302.4800,13.6900
