time,open,high,low,close,volume
2026-03-26 16:59:53,295.0000,280.0000,295.0000,284.0500,6.2000
2026-03-26 17:00:21,295.0000,280.0000,295.0000,284.0500,6.2000
2026-03-26 17:00:21,295.0000,280.0000,295.0000,284.0500,6.2000
2026-03-27 08:42:44,295.0000,280.0000,295.0000,281.5000,7.2200
2026-03-27 09:05:28,295.0000,280.0000,295.0000,281.5000,7.2200
2026-03-27 09:20:15,295.0000,280.0000,295.0000,281.5000,7.2200
2026-03-27 09:31:43,295.0000,280.0000,295.0000,281.5000,7.2200
2026-03-27 09:36:48,295.0000,280.0000,295.0000,281.5000,7.2200
2026-03-27 09:44:03,295.0000,280.0000,295.0000,281.5000,7.2200
2026-03-27 09:46:42,295.0000,280.0000,295.0000,281.5000,7.2200
2026-03-27 09:48:50,295.0000,280.0000,295.0000,281.5000,7.2200
2026-03-27 11:45:00,290.0000,275.0000,285.0000,277.8400,6.2100
2026-03-27 13:00:13,290.0000,275.0000,285.0000,277.5600,6.2000
2026-03-27 13:30:26,290.0000,275.0000,285.0000,276.4700,6.1800
2026-03-27 13:39:41,290.0000,275.0000,285.0000,276.8500,6.1900
2026-03-27 13:57:44,290.0000,275.0000,285.0000,276.4000,11.0600
2026-03-27 14:00:29,290.0000,275.0000,285.0000,277.0900,12.0900
2026-03-27 14:30:29,290.0000,277.5000,285.0000,278.0500,10.5400
2026-03-27 15:00:28,290.0000,277.5000,285.0000,278.6500,10.3300
2026-03-27 15:30:29,290.0000,277.5000,285.0000,278.0100,7.9000
2026-03-27 16:00:30,290.0000,277.5000,285.0000,278.0900,10.9400
2026-03-27 16:30:29,290.0000,275.0000,285.0000,277.0600,8.6500
2026-03-27 17:00:27,290.0000,275.0000,285.0000,276.6300,11.0200
2026-03-27 20:04:07,290.0000,272.5000,285.0000,274.2600,16.6600
2026-03-30 07:04:42,300.0000,265.0000,287.5000,272.6200,6.1300
2026-03-30 07:52:45,300.0000,265.0000,287.5000,272.6200,6.1300
2026-03-30 09:20:57,285.0000,265.0000,282.5000,275.8000,5.9700
2026-03-30 09:25:34,285.0000,265.0000,282.5000,275.8000,5.9700
2026-03-30 09:26:52,285.0000,265.0000,282.5000,275.8000,5.9700
2026-03-30 13:00:14,285.0000,265.0000,282.5000,274.8100,5.9500
2026-03-30 13:30:29,285.0000,265.0000,282.5000,276.2500,5.8800
2026-03-30 14:00:24,285.0000,265.0000,282.5000,274.6400,6.8500
2026-03-30 14:03:54,285.0000,265.0000,282.5000,274.5000,6.8000
2026-03-30 14:30:30,285.0000,265.0000,282.5000,274.1400,6.6200
2026-03-30 14:40:44,285.0000,265.0000,282.5000,273.6500,6.7900
2026-03-30 14:48:55,285.0000,265.0000,282.5000,274.1100,6.7300
2026-03-30 15:00:30,285.0000,265.0000,282.5000,273.4600,6.8200
2026-03-30 15:30:30,285.0000,265.0000,282.5000,273.5600,6.9200
2026-03-30 16:00:30,285.0000,265.0000,282.5000,275.3200,6.7800
2026-03-30 16:30:31,285.0000,265.0000,282.5000,274.9200,6.7400
2026-03-30 17:00:32,285.0000,265.0000,282.5000,274.6100,6.6400
2026-03-30 17:30:32,285.0000,265.0000,282.5000,273.9600,6.4900
2026-03-30 18:00:30,285.0000,265.0000,282.5000,274.1400,6.6500
2026-03-30 18:30:30,285.0000,265.0000,282.5000,274.1100,6.5300
2026-03-30 19:00:28,285.0000,265.0000,282.5000,273.1700,6.7100
2026-03-30 19:30:28,285.0000,265.0000,282.5000,272.4700,6.8200
2026-03-30 20:00:30,285.0000,265.0000,282.5000,272.5600,6.7800
2026-03-31 08:14:00,285.0000,265.0000,282.5000,272.1800,6.5900
2026-03-31 13:15:51,280.0000,265.0000,280.0000,277.5400,6.5900
2026-03-31 13:30:25,280.0000,265.0000,280.0000,277.7500,6.6000
2026-03-31 13:58:40,280.0000,265.0000,280.0000,277.8900,6.3900
2026-03-31 14:00:27,280.0000,265.0000,280.0000,277.5100,6.4100
2026-03-31 14:30:28,285.0000,265.0000,280.0000,280.6500,6.2800
2026-03-31 14:57:46,285.0000,265.0000,280.0000,281.8000,6.3100
2026-03-31 15:00:28,285.0000,265.0000,280.0000,281.3600,6.3600
2026-03-31 15:30:28,285.0000,265.0000,280.0000,282.0200,6.6000
2026-03-31 15:34:15,285.0000,265.0000,280.0000,282.1500,6.5400
2026-03-31 16:00:28,285.0000,265.0000,280.0000,281.3300,6.1800
2026-03-31 16:30:26,285.0000,265.0000,280.0000,281.9800,6.3600
2026-03-31 17:00:27,285.0000,265.0000,280.0000,284.2900,6.5200
2026-03-31 17:30:27,290.0000,265.0000,280.0000,287.0300,7.0200
2026-03-31 18:00:26,290.0000,265.0000,280.0000,286.5900,6.9700
2026-03-31 18:30:27,290.0000,265.0000,280.0000,287.1000,7.0800
2026-03-31 19:00:29,290.0000,265.0000,280.0000,286.6100,6.3400
2026-03-31 19:30:25,290.0000,265.0000,280.0000,287.0900,6.6700
