time,open,high,low,close,volume
2026-03-26 16:59:53,255.0000,243.0000,252.0000,248.3900,6.1900
2026-03-26 17:00:21,255.0000,243.0000,252.0000,248.3900,6.1900
2026-03-26 17:00:21,255.0000,243.0000,252.0000,248.3900,6.1900
2026-03-27 08:42:44,255.0000,243.0000,252.0000,247.4400,6.3000
2026-03-27 09:05:28,255.0000,243.0000,252.0000,247.4400,6.3000
2026-03-27 09:20:15,255.0000,245.0000,252.0000,247.0800,6.3500
2026-03-27 09:31:43,255.0000,245.0000,252.0000,247.0800,6.3500
2026-03-27 09:36:48,255.0000,245.0000,252.0000,247.0800,6.3500
2026-03-27 09:44:03,255.0000,245.0000,252.0000,247.3900,6.2400
2026-03-27 09:46:42,255.0000,245.0000,252.0000,247.3900,6.2400
2026-03-27 09:48:50,255.0000,245.0000,252.0000,247.3900,6.2400
2026-03-27 11:45:00,255.0000,245.0000,252.0000,246.4800,6.3600
2026-03-27 13:00:13,255.0000,245.0000,252.0000,246.0800,6.3600
2026-03-27 13:30:26,255.0000,245.0000,252.0000,245.3100,6.3700
2026-03-27 13:39:41,255.0000,245.0000,252.0000,245.7600,6.3500
2026-03-27 13:57:44,255.0000,245.0000,252.0000,245.6100,8.1500
2026-03-27 14:00:29,255.0000,245.0000,252.0000,245.9500,8.2200
2026-03-27 14:30:29,255.0000,243.0000,252.0000,244.6800,7.9000
2026-03-27 15:00:28,255.0000,243.0000,252.0000,244.4100,7.6500
2026-03-27 15:30:29,252.0000,245.0000,252.0000,245.1800,7.6000
2026-03-27 16:00:30,255.0000,245.0000,252.0000,245.8600,7.9900
2026-03-27 16:30:29,255.0000,243.0000,252.0000,244.9700,7.8700
2026-03-27 17:00:27,255.0000,243.0000,252.0000,244.5000,7.9600
2026-03-27 20:04:07,255.0000,240.0000,252.0000,242.7800,12.5600
2026-03-30 07:04:42,255.0000,240.0000,242.0000,243.1000,5.4800
2026-03-30 07:52:45,255.0000,240.0000,242.0000,243.1000,5.4800
2026-03-30 09:20:57,255.0000,240.0000,242.0000,244.5800,5.5000
2026-03-30 09:25:34,255.0000,240.0000,242.0000,244.5800,5.5000
2026-03-30 09:26:52,255.0000,240.0000,242.0000,244.5800,5.5000
2026-03-30 13:00:14,255.0000,240.0000,248.0000,245.2000,5.5000
2026-03-30 13:30:29,255.0000,240.0000,248.0000,245.3200,5.4900
2026-03-30 14:00:24,255.0000,240.0000,242.0000,243.1600,6.0800
2026-03-30 14:03:54,255.0000,240.0000,242.0000,242.8100,6.1800
2026-03-30 14:30:30,255.0000,240.0000,242.0000,242.9300,5.8600
2026-03-30 14:40:44,255.0000,240.0000,242.0000,242.3400,5.8700
2026-03-30 14:48:55,255.0000,240.0000,242.0000,242.1000,5.9600
2026-03-30 15:00:30,255.0000,240.0000,242.0000,241.1500,5.9100
2026-03-30 15:30:30,255.0000,240.0000,242.0000,242.1600,5.8100
2026-03-30 16:00:30,255.0000,240.0000,242.0000,242.9300,5.7000
2026-03-30 16:30:31,255.0000,240.0000,242.0000,241.9400,5.8200
2026-03-30 17:00:32,255.0000,240.0000,242.0000,241.3400,5.7800
2026-03-30 17:30:32,255.0000,240.0000,242.0000,240.6200,5.7300
2026-03-30 18:00:30,255.0000,240.0000,242.0000,240.0300,5.7600
2026-03-30 18:30:30,255.0000,230.0000,242.0000,239.7500,5.6600
2026-03-30 19:00:28,255.0000,230.0000,242.0000,239.9200,5.5800
2026-03-30 19:30:28,255.0000,230.0000,242.0000,238.7200,5.7100
2026-03-30 20:00:30,255.0000,230.0000,242.0000,239.4100,5.4900
2026-03-31 08:14:00,255.0000,230.0000,242.0000,239.6100,5.6000
2026-03-31 13:15:51,250.0000,240.0000,245.0000,242.8800,5.5500
2026-03-31 13:30:25,250.0000,240.0000,245.0000,243.2300,5.5600
2026-03-31 13:58:40,250.0000,240.0000,245.0000,243.9300,5.5400
2026-03-31 14:00:27,250.0000,240.0000,245.0000,243.5700,5.5200
2026-03-31 14:30:28,250.0000,240.0000,245.0000,244.4600,5.7200
2026-03-31 14:57:46,250.0000,240.0000,245.0000,243.6400,5.5600
2026-03-31 15:00:28,250.0000,240.0000,245.0000,243.1300,5.3900
2026-03-31 15:30:28,250.0000,240.0000,245.0000,244.6900,5.6000
2026-03-31 15:34:15,250.0000,240.0000,245.0000,244.4500,5.6300
2026-03-31 16:00:28,250.0000,240.0000,245.0000,243.4400,5.5000
2026-03-31 16:30:26,250.0000,240.0000,245.0000,243.7100,5.4700
2026-03-31 17:00:27,250.0000,240.0000,248.0000,247.6300,6.0200
2026-03-31 17:30:27,250.0000,240.0000,246.0000,246.7600,5.9400
2026-03-31 18:00:26,250.0000,240.0000,246.0000,246.2500,6.0600
2026-03-31 18:30:27,250.0000,240.0000,246.0000,246.6300,5.7600
2026-03-31 19:00:29,250.0000,240.0000,246.0000,246.7900,5.7000
2026-03-31 19:30:25,250.0000,240.0000,248.0000,247.4700,5.5500
2026-04-01 07:23:20,250.0000,240.0000,248.0000,248.0000,5.2400
2026-04-01 13:00:14,250.0000,240.0000,248.0000,249.4900,5.1700
2026-04-01 13:30:27,250.0000,240.0000,248.0000,249.2100,5.1800
2026-04-01 14:00:22,255.0000,240.0000,248.0000,250.2600,6.5200
2026-04-01 14:30:20,255.0000,240.0000,248.0000,250.2800,6.2100
2026-04-01 15:00:22,255.0000,240.0000,248.0000,251.4300,6.0000
2026-04-01 17:05:21,255.0000,240.0000,248.0000,251.7500,5.5900
2026-04-01 17:30:29,255.0000,240.0000,248.0000,252.1600,5.6900
2026-04-01 18:00:31,255.0000,240.0000,248.0000,251.6400,5.7500
2026-04-01 18:30:30,255.0000,240.0000,248.0000,250.4400,6.0400
2026-04-01 19:00:31,250.0000,240.0000,248.0000,249.8400,6.0000
2026-04-01 19:30:27,250.0000,240.0000,248.0000,249.7600,6.0300
2026-04-01 20:00:27,255.0000,240.0000,248.0000,250.2300,6.3900
2026-04-02 08:10:49,250.0000,240.0000,248.0000,249.5600,6.1700
2026-04-02 13:00:14,255.0000,244.0000,252.0000,244.5400,6.9100
2026-04-02 13:30:27,255.0000,244.0000,252.0000,244.6500,6.9100
2026-04-02 14:00:26,255.0000,244.0000,252.0000,245.4400,7.9900
2026-04-02 14:30:29,255.0000,244.0000,252.0000,247.0000,8.5400
2026-04-02 15:00:31,255.0000,244.0000,252.0000,251.1400,10.7700
2026-04-02 15:30:29,255.0000,244.0000,252.0000,250.8100,8.5300
2026-04-02 16:00:28,255.0000,244.0000,252.0000,250.6900,9.7100
2026-04-02 16:30:29,252.0000,244.0000,252.0000,250.1100,10.0000
2026-04-02 17:00:27,252.0000,247.0000,252.0000,250.3800,7.1100
2026-04-02 17:30:26,252.0000,247.0000,252.0000,250.2500,7.7500
2026-04-02 18:00:27,252.0000,247.0000,252.0000,250.1700,8.3700
2026-04-02 18:30:27,252.0000,247.0000,252.0000,250.1100,7.8900
2026-04-02 19:00:28,252.0000,244.0000,252.0000,250.5300,10.7100
2026-04-02 19:30:29,252.0000,244.0000,252.0000,250.8600,9.6900
2026-04-03 12:52:23,270.0000,245.0000,251.0000,251.2900,4.6800
2026-04-03 13:00:23,270.0000,245.0000,251.0000,251.2900,4.6800
2026-04-03 13:30:27,270.0000,245.0000,251.0000,251.2900,4.6800
2026-04-03 14:00:26,270.0000,245.0000,251.0000,251.2900,4.6800
2026-04-03 14:30:23,270.0000,245.0000,251.0000,251.2900,4.6800
2026-04-03 15:00:25,270.0000,245.0000,251.0000,251.2900,4.6800
2026-04-03 15:01:47,270.0000,245.0000,251.0000,251.2900,4.6800
2026-04-03 15:30:25,270.0000,245.0000,251.0000,251.2900,4.6800
2026-04-03 16:00:24,270.0000,245.0000,251.0000,251.2900,4.6800
2026-04-03 16:30:21,270.0000,245.0000,251.0000,251.2900,4.6800
2026-04-03 17:00:24,270.0000,245.0000,251.0000,251.2900,4.6800
2026-04-03 17:30:24,270.0000,245.0000,251.0000,251.2900,4.6800
2026-04-03 18:00:21,270.0000,245.0000,251.0000,251.2900,4.6800
2026-04-03 19:02:12,270.0000,245.0000,251.0000,251.2900,4.6800
2026-04-03 19:30:27,270.0000,245.0000,251.0000,251.2900,4.6800
2026-04-03 20:00:22,270.0000,245.0000,251.0000,251.2900,4.6800
2026-04-06 10:12:24,270.0000,245.0000,251.0000,252.1100,4.6400
2026-04-06 13:00:14,270.0000,245.0000,251.0000,251.3600,4.6800
2026-04-06 13:30:27,270.0000,245.0000,251.0000,251.2100,4.6700
2026-04-06 14:00:26,270.0000,245.0000,251.0000,251.5800,5.0200
2026-04-06 14:30:26,265.0000,245.0000,251.0000,251.2900,4.9600
2026-04-06 15:00:28,265.0000,245.0000,251.0000,251.3000,4.9600
2026-04-06 16:00:57,265.0000,245.0000,251.0000,252.0100,4.9100
2026-04-06 16:30:31,265.0000,245.0000,251.0000,252.1100,4.8800
2026-04-06 17:00:30,270.0000,245.0000,251.0000,252.4700,4.8400
2026-04-06 17:30:33,265.0000,245.0000,251.0000,251.1600,5.0300
2026-04-06 18:00:34,270.0000,245.0000,251.0000,251.9500,4.9500
2026-04-06 18:24:41,270.0000,245.0000,251.0000,251.8500,4.9600
2026-04-06 18:30:31,270.0000,245.0000,251.0000,252.0900,4.9600
2026-04-06 19:00:30,270.0000,245.0000,251.0000,252.4500,4.9500
2026-04-06 19:30:33,270.0000,245.0000,251.0000,252.4700,4.9500
2026-04-06 20:00:34,270.0000,245.0000,254.0000,252.6000,4.9400
2026-04-07 08:13:08,270.0000,245.0000,251.0000,252.3600,5.0100
2026-04-07 13:00:12,270.0000,245.0000,254.0000,250.4400,5.1200
2026-04-07 13:30:26,270.0000,245.0000,254.0000,250.9900,5.0800
2026-04-07 14:00:28,270.0000,245.0000,254.0000,250.5800,5.4400
2026-04-07 14:30:30,270.0000,245.0000,254.0000,250.3900,5.6000
2026-04-07 15:00:29,270.0000,245.0000,254.0000,251.0800,5.6400
2026-04-07 15:30:30,270.0000,245.0000,246.0000,249.9000,5.7500
2026-04-07 16:00:33,270.0000,245.0000,254.0000,250.4600,5.7400
2026-04-07 16:30:31,270.0000,245.0000,254.0000,251.2800,5.6600
2026-04-07 17:00:33,270.0000,245.0000,254.0000,251.8900,5.6400
2026-04-07 17:30:34,270.0000,245.0000,254.0000,251.8700,5.6500
2026-04-07 18:00:31,270.0000,245.0000,254.0000,252.5300,5.6800
2026-04-07 18:30:30,270.0000,245.0000,254.0000,251.9800,5.7500
2026-04-07 19:00:31,270.0000,245.0000,254.0000,251.3900,5.9300
2026-04-07 19:30:28,270.0000,245.0000,254.0000,250.9400,5.8800
2026-04-08 13:00:14,270.0000,245.0000,259.0000,261.6500,4.9900
2026-04-08 13:30:30,270.0000,245.0000,259.0000,261.7600,5.0600
2026-04-08 14:00:33,270.0000,245.0000,259.0000,261.2600,4.1700
2026-04-08 14:30:33,270.0000,245.0000,259.0000,261.1200,4.2400
2026-04-08 14:40:50,270.0000,245.0000,259.0000,260.8000,4.3600
2026-04-08 15:00:32,270.0000,245.0000,259.0000,259.8900,4.5200
2026-04-08 15:30:33,270.0000,245.0000,259.0000,259.7200,4.4900
2026-04-08 16:00:32,270.0000,245.0000,259.0000,260.3000,4.3600
2026-04-08 16:30:30,270.0000,245.0000,259.0000,260.4300,4.3300
2026-04-08 17:00:26,270.0000,245.0000,259.0000,260.6200,4.2700
2026-04-08 17:30:27,270.0000,245.0000,259.0000,260.5600,4.2100
2026-04-08 18:00:31,270.0000,245.0000,259.0000,260.6100,4.2300
2026-04-08 18:30:29,270.0000,245.0000,259.0000,260.9200,4.2200
2026-04-08 19:00:30,270.0000,245.0000,259.0000,259.1900,4.3600
2026-04-08 19:30:28,270.0000,245.0000,259.0000,259.4000,4.3300
2026-04-08 20:00:24,270.0000,245.0000,259.0000,259.9100,4.3200
2026-04-09 10:21:51,270.0000,245.0000,259.0000,258.9400,4.4000
2026-04-09 13:00:08,270.0000,245.0000,259.0000,258.7700,4.4000
2026-04-09 13:30:20,270.0000,245.0000,259.0000,258.6900,4.2700
2026-04-09 14:00:23,270.0000,245.0000,259.0000,260.3200,4.2300
2026-04-09 14:30:23,270.0000,245.0000,259.0000,259.6500,4.1900
2026-04-09 15:00:27,270.0000,245.0000,259.0000,259.5800,4.1600
2026-04-09 15:30:27,270.0000,245.0000,259.0000,260.1000,4.0500
2026-04-09 16:00:20,270.0000,245.0000,259.0000,261.1300,4.0000
2026-04-09 16:30:24,270.0000,245.0000,259.0000,261.9200,3.9700
2026-04-09 17:00:29,270.0000,245.0000,259.0000,262.1300,3.9600
2026-04-09 17:30:28,270.0000,245.0000,259.0000,262.6900,3.9600
2026-04-09 18:00:31,270.0000,245.0000,259.0000,262.7000,3.9600
2026-04-09 18:30:28,270.0000,245.0000,259.0000,261.7200,4.0500
2026-04-09 19:00:27,270.0000,245.0000,259.0000,261.4900,4.0300
2026-04-09 19:30:25,270.0000,245.0000,259.0000,261.9900,3.7300
2026-04-09 20:00:25,270.0000,245.0000,259.0000,262.0900,3.8200
2026-04-10 11:07:05,270.0000,245.0000,259.0000,261.9400,3.7900
2026-04-10 13:00:15,270.0000,245.0000,259.0000,262.6000,3.7800
2026-04-10 13:30:30,270.0000,245.0000,259.0000,262.4500,3.5800
2026-04-10 14:00:31,270.0000,245.0000,259.0000,262.0900,3.7600
2026-04-10 14:30:29,270.0000,245.0000,259.0000,261.8300,3.7300
2026-04-10 15:00:23,270.0000,245.0000,259.0000,261.9700,3.6200
2026-04-10 15:30:22,270.0000,245.0000,259.0000,262.0500,3.6200
2026-04-10 16:00:25,270.0000,245.0000,259.0000,261.3400,3.8600
2026-04-10 16:30:26,270.0000,245.0000,259.0000,260.9900,3.9200
2026-04-10 17:00:23,265.0000,245.0000,259.0000,260.3400,3.9600
2026-04-10 17:30:26,265.0000,245.0000,259.0000,260.7400,3.9100
2026-04-10 18:00:30,270.0000,245.0000,259.0000,260.8900,3.9000
2026-04-10 18:30:29,270.0000,245.0000,259.0000,261.1200,3.8800
2026-04-10 19:00:30,270.0000,245.0000,259.0000,261.2500,3.8800
2026-04-10 19:30:25,270.0000,245.0000,259.0000,261.6800,3.8400
2026-04-10 20:00:25,270.0000,245.0000,259.0000,261.2400,3.7900
2026-04-13 12:08:01,270.0000,245.0000,260.0000,258.8200,3.6000
2026-04-13 13:00:16,270.0000,245.0000,260.0000,259.5900,3.5700
2026-04-13 13:30:29,270.0000,245.0000,260.0000,260.0800,3.6100
2026-04-13 13:59:27,265.0000,245.0000,260.0000,260.3200,4.4700
2026-04-13 14:01:54,265.0000,245.0000,260.0000,260.1900,4.4100
2026-04-13 14:30:25,270.0000,245.0000,260.0000,261.7600,4.3600
2026-04-13 15:00:26,270.0000,245.0000,260.0000,262.3100,4.2100
2026-04-13 15:30:28,270.0000,245.0000,260.0000,262.2400,4.1800
2026-04-13 16:00:27,270.0000,245.0000,260.0000,261.8700,4.2500
2026-04-13 16:30:31,270.0000,245.0000,260.0000,262.3100,4.2300
2026-04-13 17:00:29,270.0000,245.0000,260.0000,263.4700,4.1600
2026-04-13 17:30:25,270.0000,245.0000,260.0000,263.7800,4.2400
2026-04-13 18:00:26,270.0000,245.0000,260.0000,263.7800,4.2100
2026-04-13 18:30:28,270.0000,245.0000,260.0000,263.9400,4.1700
2026-04-13 19:00:26,270.0000,245.0000,260.0000,264.2100,4.2100
2026-04-14 13:00:13,270.0000,255.0000,263.0000,267.0100,4.0800
2026-04-14 13:30:28,270.0000,255.0000,263.0000,267.0700,4.0800
2026-04-14 14:00:30,270.0000,255.0000,263.0000,267.1300,4.1600
2026-04-14 14:30:27,270.0000,255.0000,263.0000,268.0300,4.1000
2026-04-14 15:00:28,270.0000,255.0000,263.0000,268.5100,3.9200
2026-04-14 15:30:32,270.0000,255.0000,263.0000,268.2700,4.2300
2026-04-14 16:00:32,275.0000,255.0000,263.0000,269.1900,4.1500
2026-04-14 18:06:15,270.0000,255.0000,263.0000,268.5900,4.0900
2026-04-14 18:30:30,270.0000,255.0000,263.0000,268.1400,4.2600
2026-04-14 19:00:28,270.0000,255.0000,263.0000,267.9900,4.2900
2026-04-14 19:30:28,270.0000,255.0000,263.0000,268.4900,4.1200
2026-04-14 20:00:30,270.0000,255.0000,263.0000,268.5900,4.0800
2026-04-15 06:05:04,270.0000,255.0000,263.0000,268.7200,4.0600
2026-04-15 10:47:36,270.0000,259.0000,263.0000,267.9700,4.2700
2026-04-15 10:53:48,270.0000,259.0000,263.0000,267.9700,4.2700
2026-04-15 10:57:45,270.0000,259.0000,263.0000,267.9700,4.2700
2026-04-15 13:00:13,270.0000,259.0000,263.0000,268.3400,4.2700
2026-04-15 13:30:27,270.0000,259.0000,263.0000,268.7500,4.1400
2026-04-15 14:00:28,270.0000,259.0000,263.0000,268.2800,4.4600
2026-04-15 14:30:29,270.0000,259.0000,263.0000,268.8800,4.1700
2026-04-15 15:00:25,270.0000,259.0000,263.0000,269.1900,4.2300
