time,open,high,low,close,volume
2026-03-26 16:59:53,610.0000,545.0000,600.0000,553.7600,19.0900
2026-03-26 17:00:21,610.0000,545.0000,600.0000,553.7600,19.0900
2026-03-26 17:00:21,610.0000,545.0000,600.0000,553.7600,19.0900
2026-03-27 08:42:44,610.0000,545.0000,597.5000,550.0000,18.4600
2026-03-27 09:05:28,565.0000,545.0000,557.5000,548.0000,18.3900
2026-03-27 09:20:15,565.0000,545.0000,557.5000,548.0000,18.3900
2026-03-27 09:31:43,565.0000,545.0000,535.0000,546.1000,18.4500
2026-03-27 09:36:48,565.0000,545.0000,535.0000,546.1000,18.4500
2026-03-27 09:44:03,565.0000,545.0000,535.0000,546.1000,18.4500
2026-03-27 09:46:42,565.0000,545.0000,535.0000,546.1000,18.4500
2026-03-27 09:48:50,565.0000,545.0000,557.5000,547.7300,18.3800
2026-03-27 11:45:00,565.0000,525.0000,535.0000,542.5100,18.4800
2026-03-27 13:00:13,565.0000,525.0000,535.0000,539.5700,18.2900
2026-03-27 13:30:26,565.0000,525.0000,535.0000,538.7500,18.2700
2026-03-27 13:39:41,565.0000,525.0000,535.0000,538.6000,18.2600
2026-03-27 13:57:44,565.0000,525.0000,535.0000,536.7400,23.9000
2026-03-27 14:00:29,565.0000,525.0000,535.0000,537.2000,26.6500
2026-03-27 14:30:29,565.0000,525.0000,535.0000,532.4400,24.7500
2026-03-27 15:00:28,580.0000,525.0000,535.0000,532.6500,22.3600
2026-03-27 15:30:29,580.0000,525.0000,535.0000,528.7100,20.9300
2026-03-27 16:00:30,580.0000,525.0000,535.0000,529.2500,25.1000
2026-03-27 16:30:29,580.0000,525.0000,535.0000,527.8800,23.3100
2026-03-27 17:00:27,580.0000,525.0000,535.0000,528.9700,26.2500
2026-03-27 20:04:07,580.0000,525.0000,535.0000,525.9600,29.2100
2026-03-30 07:04:42,570.0000,520.0000,552.5000,520.0700,14.2800
2026-03-30 07:52:45,570.0000,520.0000,552.5000,520.0700,14.2800
2026-03-30 09:20:57,552.5000,480.0000,537.5000,532.7600,14.3600
2026-03-30 09:25:34,552.5000,480.0000,537.5000,533.1500,14.3700
2026-03-30 09:26:52,552.5000,480.0000,537.5000,533.1500,14.3700
2026-03-30 13:00:14,552.5000,480.0000,537.5000,532.9400,14.3700
2026-03-30 13:30:29,552.5000,480.0000,537.5000,535.0000,14.3700
2026-03-30 14:00:24,552.5000,530.0000,537.5000,534.0900,16.2600
2026-03-30 14:03:54,552.5000,530.0000,537.5000,532.7300,16.2800
2026-03-30 14:30:30,552.5000,530.0000,537.5000,532.1600,15.6800
2026-03-30 14:40:44,552.5000,530.0000,537.5000,532.8400,15.6500
2026-03-30 14:48:55,552.5000,530.0000,537.5000,533.9700,15.6500
2026-03-30 15:00:30,552.5000,530.0000,537.5000,532.1000,15.6300
2026-03-30 15:30:30,552.5000,530.0000,537.5000,533.2000,15.5700
2026-03-30 16:00:30,552.5000,530.0000,537.5000,537.7500,15.9800
2026-03-30 16:30:31,552.5000,530.0000,537.5000,538.1500,15.7100
2026-03-30 17:00:32,552.5000,530.0000,537.5000,537.5900,15.4700
2026-03-30 17:30:32,552.5000,530.0000,537.5000,537.0100,15.2900
2026-03-30 18:00:30,552.5000,530.0000,537.5000,537.0900,15.4400
2026-03-30 18:30:30,552.5000,530.0000,537.5000,537.6200,15.5800
2026-03-30 19:00:28,552.5000,530.0000,537.5000,537.0700,15.3700
2026-03-30 19:30:28,552.5000,530.0000,537.5000,534.4500,15.5400
2026-03-30 20:00:30,552.5000,530.0000,537.5000,534.9500,15.3500
2026-03-31 08:14:00,552.5000,530.0000,537.5000,533.8500,15.4000
2026-03-31 13:15:51,550.0000,530.0000,547.5000,545.3700,15.6600
2026-03-31 13:30:25,550.0000,530.0000,547.5000,547.4000,15.6400
2026-03-31 13:58:40,580.0000,530.0000,547.5000,556.8100,16.6300
2026-03-31 14:00:27,580.0000,530.0000,547.5000,556.3900,16.4000
2026-03-31 14:30:28,580.0000,530.0000,547.5000,555.9400,15.9600
2026-03-31 14:57:46,580.0000,530.0000,547.5000,555.6800,15.8400
2026-03-31 15:00:28,580.0000,530.0000,547.5000,555.5100,15.7000
2026-03-31 15:30:28,580.0000,535.0000,547.5000,555.1900,16.1900
2026-03-31 15:34:15,580.0000,535.0000,547.5000,556.2500,15.8700
2026-03-31 16:00:28,580.0000,535.0000,547.5000,556.8600,16.0100
2026-03-31 16:30:26,580.0000,530.0000,547.5000,559.6000,16.4000
2026-03-31 17:00:27,580.0000,535.0000,547.5000,565.4000,16.7000
2026-03-31 17:30:27,580.0000,535.0000,547.5000,569.5400,16.8900
2026-03-31 18:00:26,580.0000,535.0000,547.5000,568.6200,16.6400
2026-03-31 18:30:27,580.0000,535.0000,547.5000,570.4300,16.7500
2026-03-31 19:00:29,580.0000,535.0000,547.5000,571.0200,16.6100
2026-03-31 19:30:25,580.0000,535.0000,547.5000,569.8600,16.3900
2026-04-01 07:23:20,580.0000,535.0000,547.5000,577.0700,16.4900
2026-04-01 13:00:14,580.0000,540.0000,582.5000,578.3000,16.4800
2026-04-01 13:30:27,580.0000,540.0000,582.5000,577.5000,16.4600
2026-04-01 14:00:22,582.5000,540.0000,582.5000,579.6000,18.2000
2026-04-01 14:30:20,580.0000,540.0000,582.5000,577.0700,16.7200
2026-04-01 15:00:22,580.0000,540.0000,582.5000,578.2500,16.5500
