time,open,high,low,close,volume
2026-03-26 16:59:53,372.5000,365.0000,372.5000,367.6400,7.5800
2026-03-26 17:00:21,372.5000,365.0000,372.5000,367.6400,7.5800
2026-03-26 17:00:21,372.5000,365.0000,372.5000,367.6400,7.5800
2026-03-27 08:42:44,372.5000,365.0000,372.5000,366.7600,6.0000
2026-03-27 09:05:28,372.5000,365.0000,372.5000,366.7600,6.0000
2026-03-27 09:20:15,372.5000,360.0000,367.5000,365.6000,6.3200
2026-03-27 09:31:43,372.5000,360.0000,367.5000,365.1100,6.3200
2026-03-27 09:36:48,372.5000,360.0000,367.5000,365.2000,6.3200
2026-03-27 09:44:03,372.5000,360.0000,367.5000,365.2000,6.3200
2026-03-27 09:46:42,372.5000,360.0000,367.5000,365.2000,6.3200
2026-03-27 09:48:50,372.5000,360.0000,367.5000,365.2000,6.3200
2026-03-27 11:45:00,372.5000,360.0000,367.5000,364.6400,6.3100
2026-03-27 13:00:13,372.5000,360.0000,367.5000,362.5200,6.6800
2026-03-27 13:30:26,372.5000,360.0000,367.5000,361.5000,7.0300
2026-03-27 13:39:41,372.5000,360.0000,367.5000,361.9400,6.6700
2026-03-27 13:57:44,372.5000,357.5000,367.5000,359.2300,12.7600
2026-03-27 14:00:29,372.5000,357.5000,367.5000,359.4400,12.3100
2026-03-27 14:30:29,372.5000,355.0000,367.5000,357.4300,12.1500
2026-03-27 15:00:28,372.5000,357.5000,367.5000,359.8500,12.3500
2026-03-27 15:30:29,372.5000,360.0000,367.5000,360.3800,11.8900
2026-03-27 16:00:30,372.5000,357.5000,367.5000,359.6000,13.8500
2026-03-27 16:30:29,372.5000,360.0000,367.5000,360.0200,14.1000
2026-03-27 17:00:27,372.5000,357.5000,367.5000,359.7400,12.9200
2026-03-27 20:04:07,372.5000,355.0000,367.5000,356.8300,23.8500
2026-03-30 07:04:42,390.0000,350.0000,372.5000,356.1500,7.0200
2026-03-30 07:52:45,390.0000,350.0000,372.5000,356.1500,7.0200
2026-03-30 09:20:57,380.0000,350.0000,362.5000,359.8900,6.9600
2026-03-30 09:25:34,380.0000,350.0000,362.5000,359.7600,6.9600
2026-03-30 09:26:52,380.0000,350.0000,362.5000,359.7600,6.9600
2026-03-30 13:00:14,380.0000,350.0000,362.5000,359.7800,6.9600
2026-03-30 13:30:29,380.0000,350.0000,362.5000,360.2700,6.9700
2026-03-30 14:00:24,380.0000,350.0000,362.5000,360.2000,8.1000
2026-03-30 14:03:54,380.0000,350.0000,362.5000,360.7300,8.0400
2026-03-30 14:30:30,380.0000,350.0000,362.5000,361.0600,7.8600
2026-03-30 14:40:44,380.0000,350.0000,362.5000,362.5200,8.2100
2026-03-30 14:48:55,380.0000,350.0000,362.5000,363.4400,8.0700
2026-03-30 15:00:30,380.0000,350.0000,362.5000,363.5000,7.9900
2026-03-30 15:30:30,380.0000,350.0000,362.5000,362.9900,6.9300
2026-03-30 16:00:30,380.0000,350.0000,362.5000,364.3900,7.7700
2026-03-30 16:30:31,380.0000,350.0000,362.5000,363.2400,7.8500
2026-03-30 17:00:32,380.0000,350.0000,362.5000,361.2000,7.9200
2026-03-30 17:30:32,380.0000,350.0000,362.5000,360.5400,7.6700
