time,open,high,low,close,volume
2026-03-26 16:59:53,180.0000,170.0000,177.5000,173.8500,4.3300
2026-03-26 17:00:21,180.0000,170.0000,177.5000,173.8500,4.3300
2026-03-26 17:00:21,180.0000,170.0000,177.5000,173.8500,4.3300
2026-03-27 08:42:44,180.0000,170.0000,177.5000,172.2700,5.0600
2026-03-27 09:05:28,180.0000,170.0000,177.5000,172.2700,5.0600
2026-03-27 09:20:15,180.0000,170.0000,177.5000,172.2700,5.0600
2026-03-27 09:31:43,177.5000,170.0000,177.5000,171.5500,4.9500
2026-03-27 09:36:48,177.5000,170.0000,177.5000,171.7000,4.9600
2026-03-27 09:44:03,177.5000,170.0000,177.5000,172.0000,4.9700
2026-03-27 09:46:42,177.5000,170.0000,177.5000,172.0000,4.9700
2026-03-27 09:48:50,177.5000,170.0000,177.5000,172.0000,4.9700
2026-03-27 11:45:00,177.5000,170.0000,177.5000,171.0000,4.7200
2026-03-27 13:00:13,177.5000,170.0000,177.5000,171.1900,4.8600
2026-03-27 13:30:26,177.5000,170.0000,177.5000,170.0200,4.7000
2026-03-27 13:39:41,177.5000,170.0000,177.5000,170.3000,4.7000
2026-03-27 13:57:44,177.5000,170.0000,175.0000,170.0500,6.8100
2026-03-27 14:00:29,177.5000,170.0000,175.0000,170.1800,6.2100
2026-03-27 14:30:29,177.5000,167.5000,175.0000,168.7300,6.5400
2026-03-27 15:00:28,177.5000,167.5000,175.0000,167.9600,6.2700
2026-03-27 15:30:29,177.5000,167.5000,175.0000,168.6500,5.5900
2026-03-27 16:00:30,177.5000,167.5000,175.0000,169.3400,6.7500
2026-03-27 16:30:29,177.5000,167.5000,175.0000,169.3000,6.6400
2026-03-27 17:00:27,177.5000,167.5000,175.0000,168.8700,6.3600
2026-03-27 20:04:07,180.0000,165.0000,160.0000,167.3700,11.3300
2026-03-30 07:04:42,177.5000,160.0000,175.0000,166.6000,4.4000
2026-03-30 07:52:45,177.5000,160.0000,175.0000,166.6000,4.4000
2026-03-30 09:20:57,172.5000,160.0000,172.5000,169.0300,4.0800
2026-03-30 09:25:34,172.5000,160.0000,172.5000,169.0300,4.0800
2026-03-30 09:26:52,172.5000,160.0000,172.5000,169.0300,4.0800
2026-03-30 13:00:14,172.5000,160.0000,172.5000,169.1600,4.0500
2026-03-30 13:30:29,172.5000,160.0000,172.5000,169.1500,4.0400
2026-03-30 14:00:24,172.5000,160.0000,172.5000,167.5800,4.8300
2026-03-30 14:03:54,172.5000,160.0000,172.5000,167.5900,4.8700
2026-03-30 14:30:30,172.5000,160.0000,172.5000,167.9400,4.8000
2026-03-30 14:40:44,172.5000,160.0000,172.5000,167.4200,4.7300
2026-03-30 14:48:55,172.5000,160.0000,172.5000,166.8500,4.7400
2026-03-30 15:00:30,172.5000,160.0000,172.5000,166.5400,4.8700
2026-03-30 15:30:30,172.5000,160.0000,172.5000,167.0700,4.7500
2026-03-30 16:00:30,172.5000,160.0000,172.5000,167.9200,4.7500
2026-03-30 16:30:31,172.5000,160.0000,172.5000,167.0700,4.7400
2026-03-30 17:00:32,172.5000,160.0000,172.5000,166.6800,4.6900
2026-03-30 17:30:32,172.5000,160.0000,172.5000,166.1200,4.6900
2026-03-30 18:00:30,172.5000,160.0000,172.5000,166.1800,4.7800
2026-03-30 18:30:30,172.5000,160.0000,172.5000,166.0300,4.7600
2026-03-30 19:00:28,172.5000,160.0000,172.5000,165.5700,4.8000
2026-03-30 19:30:28,172.5000,160.0000,172.5000,164.6200,4.9000
2026-03-30 20:00:30,172.5000,160.0000,172.5000,164.7500,4.8300
2026-03-31 08:14:00,172.5000,160.0000,172.5000,163.5200,4.8000
2026-03-31 13:15:51,172.5000,160.0000,167.5000,167.5100,4.6900
2026-03-31 13:30:25,172.5000,160.0000,167.5000,167.6400,4.6900
2026-03-31 13:58:40,172.5000,160.0000,167.5000,168.5100,4.5800
2026-03-31 14:00:27,172.5000,160.0000,167.5000,168.3900,4.7400
2026-03-31 14:30:28,172.5000,160.0000,167.5000,169.7800,4.4900
2026-03-31 14:57:46,172.5000,160.0000,172.5000,170.6600,4.5400
2026-03-31 15:00:28,172.5000,160.0000,172.5000,170.3500,4.5500
2026-03-31 15:30:28,172.5000,160.0000,172.5000,170.6300,4.4300
2026-03-31 15:34:15,172.5000,160.0000,172.5000,170.5500,4.4300
2026-03-31 16:00:28,172.5000,160.0000,172.5000,170.0700,4.3700
2026-03-31 16:30:26,172.5000,160.0000,172.5000,170.6100,4.4800
2026-03-31 17:00:27,180.0000,160.0000,172.5000,173.2700,4.6000
2026-03-31 17:30:27,180.0000,160.0000,172.5000,173.3800,4.6500
2026-03-31 18:00:26,180.0000,160.0000,172.5000,172.9000,4.5900
2026-03-31 18:30:27,177.5000,160.0000,172.5000,172.9400,4.5600
2026-03-31 19:00:29,180.0000,160.0000,172.5000,173.4000,4.5200
2026-03-31 19:30:25,180.0000,160.0000,172.5000,173.9800,4.2900
2026-04-01 07:23:20,180.0000,160.0000,172.5000,174.9700,4.2400
2026-04-01 13:00:14,180.0000,165.0000,170.0000,176.2900,4.0700
2026-04-01 13:30:27,180.0000,165.0000,170.0000,175.7000,4.2400
2026-04-01 14:00:22,180.0000,165.0000,170.0000,175.3200,4.8700
2026-04-01 14:30:20,180.0000,165.0000,170.0000,175.9400,4.4600
2026-04-01 15:00:22,180.0000,165.0000,170.0000,176.0100,4.2900
2026-04-01 17:05:21,180.0000,165.0000,170.0000,176.6700,4.1800
2026-04-01 17:30:29,180.0000,165.0000,170.0000,176.8900,4.2000
2026-04-01 18:00:31,180.0000,165.0000,170.0000,176.4400,4.3100
2026-04-01 18:30:30,177.5000,165.0000,170.0000,175.5700,4.4200
2026-04-01 19:00:31,177.5000,165.0000,170.0000,175.5900,4.5700
2026-04-01 19:30:27,177.5000,165.0000,170.0000,175.8200,4.1400
2026-04-01 20:00:27,177.5000,165.0000,170.0000,176.1900,4.3800
2026-04-02 08:10:49,177.5000,165.0000,170.0000,176.0700,4.3600
2026-04-02 13:00:14,180.0000,165.0000,172.5000,171.0300,4.7500
2026-04-02 13:30:27,180.0000,165.0000,172.5000,170.6900,4.7400
2026-04-02 14:00:26,172.5000,165.0000,172.5000,172.0000,7.6300
2026-04-02 14:30:29,175.0000,160.0000,172.5000,174.2600,6.6200
2026-04-02 15:00:31,177.5000,160.0000,172.5000,176.0900,7.0300
2026-04-02 15:30:29,177.5000,160.0000,172.5000,176.8000,6.6200
2026-04-02 16:00:28,177.5000,160.0000,172.5000,176.9400,6.6900
2026-04-02 16:30:29,177.5000,160.0000,172.5000,176.2400,7.4500
2026-04-02 17:00:27,177.5000,160.0000,172.5000,176.4900,6.4000
2026-04-02 17:30:26,177.5000,160.0000,172.5000,176.7300,6.5600
2026-04-02 18:00:27,177.5000,160.0000,172.5000,176.6800,7.4100
2026-04-02 18:30:27,177.5000,160.0000,172.5000,176.7500,7.3200
2026-04-02 19:00:28,177.5000,160.0000,172.5000,176.9900,7.8200
2026-04-02 19:30:29,177.5000,160.0000,172.5000,177.2700,8.9700
2026-04-03 12:52:23,185.0000,170.0000,177.5000,176.7000,3.5100
2026-04-03 13:00:23,185.0000,170.0000,177.5000,176.7000,3.5100
2026-04-03 13:30:27,185.0000,170.0000,177.5000,176.7000,3.5100
2026-04-03 14:00:26,185.0000,170.0000,177.5000,176.7000,3.5100
2026-04-03 14:30:23,185.0000,170.0000,177.5000,176.7000,3.5100
2026-04-03 15:00:25,185.0000,170.0000,177.5000,176.7000,3.5100
2026-04-03 15:01:47,185.0000,170.0000,177.5000,176.7000,3.5100
2026-04-03 15:30:25,185.0000,170.0000,177.5000,176.7000,3.5100
2026-04-03 16:00:24,185.0000,170.0000,177.5000,176.7000,3.5100
2026-04-03 16:30:21,185.0000,170.0000,177.5000,176.7000,3.5100
2026-04-03 17:00:24,185.0000,170.0000,177.5000,176.7000,3.5100
2026-04-03 17:30:24,185.0000,170.0000,177.5000,176.7000,3.5100
2026-04-03 18:00:21,185.0000,170.0000,177.5000,176.7000,3.5100
2026-04-03 19:02:12,185.0000,170.0000,177.5000,176.7000,3.5100
2026-04-03 19:30:27,185.0000,170.0000,177.5000,176.7000,3.5100
2026-04-03 20:00:22,185.0000,170.0000,177.5000,176.7000,3.5100
2026-04-06 10:12:24,185.0000,170.0000,177.5000,178.6000,3.5300
2026-04-06 13:00:14,185.0000,170.0000,177.5000,177.8900,3.5300
2026-04-06 13:30:27,185.0000,170.0000,177.5000,177.6400,3.5300
2026-04-06 14:00:26,185.0000,170.0000,177.5000,176.5600,3.8000
2026-04-06 14:30:26,185.0000,170.0000,177.5000,176.3600,3.7800
2026-04-06 15:00:28,185.0000,170.0000,177.5000,176.5100,3.7500
2026-04-06 16:00:57,185.0000,170.0000,177.5000,177.0300,3.7800
2026-04-06 16:30:31,185.0000,170.0000,177.5000,177.0600,3.8000
2026-04-06 17:00:30,185.0000,170.0000,177.5000,177.2500,3.7900
2026-04-06 17:30:33,185.0000,170.0000,177.5000,176.1900,3.9700
2026-04-06 18:00:34,185.0000,170.0000,177.5000,176.7500,3.8300
2026-04-06 18:24:41,185.0000,170.0000,177.5000,176.6900,3.8200
2026-04-06 18:30:31,185.0000,170.0000,177.5000,176.8000,3.8000
2026-04-06 19:00:30,185.0000,170.0000,177.5000,177.0300,3.8000
2026-04-06 19:30:33,185.0000,170.0000,177.5000,177.2500,3.8000
2026-04-06 20:00:34,185.0000,170.0000,177.5000,177.2300,3.8000
2026-04-07 08:13:08,185.0000,170.0000,177.5000,176.7300,3.7400
2026-04-07 13:00:12,185.0000,170.0000,177.5000,175.3100,3.8500
2026-04-07 13:30:26,185.0000,170.0000,177.5000,175.4100,3.8600
2026-04-07 14:00:28,185.0000,170.0000,177.5000,176.3200,3.9200
2026-04-07 14:30:30,185.0000,170.0000,177.5000,174.8000,4.1200
2026-04-07 15:00:29,185.0000,170.0000,177.5000,174.7300,4.0700
2026-04-07 15:30:30,185.0000,170.0000,177.5000,174.3700,4.0900
2026-04-07 16:00:33,185.0000,170.0000,177.5000,174.9600,4.0900
2026-04-07 16:30:31,185.0000,170.0000,177.5000,175.1600,4.0700
2026-04-07 17:00:33,185.0000,170.0000,177.5000,175.4900,4.1200
2026-04-07 17:30:34,185.0000,170.0000,177.5000,175.5500,4.1200
2026-04-07 18:00:31,185.0000,170.0000,177.5000,175.4700,4.1200
2026-04-07 18:30:30,185.0000,170.0000,177.5000,175.8800,4.1800
2026-04-07 19:00:31,185.0000,170.0000,177.5000,175.5100,4.2500
2026-04-07 19:30:28,185.0000,170.0000,177.5000,175.6600,4.2900
2026-04-08 13:00:14,185.0000,170.0000,177.5000,184.5400,3.8000
2026-04-08 13:30:30,185.0000,170.0000,177.5000,184.7600,3.8100
2026-04-08 14:00:33,185.0000,170.0000,177.5000,183.2100,3.6900
2026-04-08 14:30:33,185.0000,170.0000,177.5000,181.8800,3.7000
2026-04-08 14:40:50,185.0000,170.0000,177.5000,182.1900,3.7100
2026-04-08 15:00:32,185.0000,170.0000,177.5000,181.1900,3.7800
2026-04-08 15:30:33,185.0000,170.0000,177.5000,181.1600,3.7600
2026-04-08 16:00:32,185.0000,170.0000,177.5000,181.5900,3.7200
2026-04-08 16:30:30,185.0000,170.0000,177.5000,181.8000,3.6900
2026-04-08 17:00:26,185.0000,170.0000,177.5000,181.5300,3.7200
2026-04-08 17:30:27,185.0000,170.0000,177.5000,181.6600,3.6900
2026-04-08 18:00:31,185.0000,170.0000,177.5000,181.6600,3.7500
2026-04-08 18:30:29,185.0000,170.0000,177.5000,182.0500,3.7000
2026-04-08 19:00:30,185.0000,170.0000,177.5000,181.6900,3.7800
2026-04-08 19:30:28,185.0000,170.0000,177.5000,181.9100,3.7600
2026-04-08 20:00:24,185.0000,170.0000,177.5000,181.8400,3.6800
2026-04-09 10:21:51,185.0000,170.0000,177.5000,180.6400,3.7700
2026-04-09 13:00:08,185.0000,170.0000,177.5000,181.0000,3.6400
2026-04-09 13:30:20,185.0000,170.0000,177.5000,180.8600,3.7800
2026-04-09 14:00:23,185.0000,170.0000,177.5000,181.7700,3.5200
2026-04-09 14:30:23,185.0000,170.0000,177.5000,181.9600,3.5300
2026-04-09 15:00:27,185.0000,170.0000,177.5000,181.9400,3.5600
