time,open,high,low,close,volume
2026-03-26 16:59:53,155.0000,148.0000,155.0000,148.8200,5.6100
2026-03-26 17:00:21,155.0000,148.0000,155.0000,148.8200,5.6100
2026-03-26 17:00:21,155.0000,148.0000,155.0000,148.8200,5.6100
2026-03-27 08:42:44,155.0000,147.0000,155.0000,147.7000,5.4800
2026-03-27 09:05:28,155.0000,147.0000,155.0000,147.7000,5.4800
2026-03-27 09:20:15,155.0000,147.0000,155.0000,147.7000,5.4800
2026-03-27 09:31:43,157.5000,146.0000,147.0000,146.4200,5.5700
2026-03-27 09:36:48,157.5000,146.0000,147.0000,146.4200,5.5700
2026-03-27 09:44:03,157.5000,146.0000,147.0000,146.4200,5.5700
2026-03-27 09:46:42,157.5000,146.0000,147.0000,146.4200,5.5700
2026-03-27 09:48:50,157.5000,146.0000,147.0000,146.4200,5.5700
2026-03-27 11:45:00,157.5000,143.0000,147.0000,145.7900,5.5500
2026-03-27 13:00:13,157.5000,143.0000,147.0000,144.9000,5.3500
2026-03-27 13:30:26,157.5000,143.0000,147.0000,144.4300,5.3400
2026-03-27 13:39:41,157.5000,143.0000,147.0000,145.2500,5.3300
2026-03-27 13:57:44,157.5000,143.0000,147.0000,144.9300,7.8700
2026-03-27 14:00:29,157.5000,143.0000,147.0000,145.0300,7.4100
2026-03-27 14:30:29,157.5000,143.0000,147.0000,143.0100,7.9700
2026-03-27 15:00:28,157.5000,143.0000,147.0000,143.1500,7.8500
2026-03-27 15:30:29,157.5000,143.0000,147.0000,144.2900,6.3300
2026-03-27 16:00:30,157.5000,143.0000,147.0000,144.9800,6.3200
2026-03-27 16:30:29,157.5000,143.0000,147.0000,144.2600,7.9200
2026-03-27 17:00:27,157.5000,143.0000,147.0000,143.5900,7.6900
2026-03-27 20:04:07,157.5000,142.0000,147.0000,142.9800,11.2300
2026-03-30 07:04:42,155.0000,140.0000,144.0000,141.3100,4.9500
2026-03-30 07:52:45,155.0000,140.0000,144.0000,141.3100,4.9500
2026-03-30 09:20:57,155.0000,140.0000,144.0000,143.6000,4.8600
2026-03-30 09:25:34,155.0000,140.0000,144.0000,143.6600,4.8600
2026-03-30 09:26:52,155.0000,140.0000,144.0000,143.6600,4.8600
2026-03-30 13:00:14,155.0000,140.0000,144.0000,144.2800,4.8400
2026-03-30 13:30:29,155.0000,140.0000,144.0000,144.4300,4.8500
2026-03-30 14:00:24,155.0000,140.0000,144.0000,142.4100,5.8900
2026-03-30 14:03:54,155.0000,140.0000,144.0000,142.6900,5.8200
2026-03-30 14:30:30,155.0000,140.0000,144.0000,141.7100,5.7500
2026-03-30 14:40:44,155.0000,140.0000,144.0000,141.7600,5.7100
2026-03-30 14:48:55,155.0000,140.0000,144.0000,141.0600,5.7500
2026-03-30 15:00:30,155.0000,140.0000,144.0000,140.1000,5.7800
2026-03-30 15:30:30,155.0000,140.0000,144.0000,141.9200,5.7000
2026-03-30 16:00:30,155.0000,140.0000,144.0000,142.3400,5.7100
2026-03-30 16:30:31,155.0000,140.0000,144.0000,141.7500,5.6800
2026-03-30 17:00:32,155.0000,140.0000,144.0000,140.7900,5.6800
2026-03-30 17:30:32,155.0000,137.0000,144.0000,139.7500,5.7300
2026-03-30 18:00:30,155.0000,137.0000,144.0000,139.2500,5.7000
2026-03-30 18:30:30,155.0000,137.0000,144.0000,138.4600,5.6800
2026-03-30 19:00:28,155.0000,137.0000,144.0000,138.1900,5.7500
2026-03-30 19:30:28,155.0000,130.0000,144.0000,136.9700,5.8600
2026-03-30 20:00:30,155.0000,137.0000,144.0000,137.3800,5.7600
2026-03-31 08:14:00,155.0000,130.0000,144.0000,135.3000,5.7800
2026-03-31 13:15:51,145.0000,136.0000,141.0000,139.3300,5.5600
2026-03-31 13:30:25,145.0000,136.0000,141.0000,139.9900,5.5900
2026-03-31 13:58:40,145.0000,136.0000,141.0000,139.7500,5.7400
2026-03-31 14:00:27,145.0000,136.0000,141.0000,139.3600,5.6700
2026-03-31 14:30:28,145.0000,137.0000,141.0000,141.7200,5.4800
2026-03-31 14:57:46,145.0000,137.0000,141.0000,142.3300,5.5100
2026-03-31 15:00:28,145.0000,137.0000,141.0000,142.0700,5.5100
2026-03-31 15:30:28,145.0000,137.0000,141.0000,142.7800,5.4800
2026-03-31 15:34:15,145.0000,137.0000,141.0000,142.7900,5.4000
2026-03-31 16:00:28,145.0000,137.0000,141.0000,142.0400,5.4000
2026-03-31 16:30:26,145.0000,137.0000,141.0000,142.5900,5.3700
2026-03-31 17:00:27,145.0000,137.0000,145.0000,144.9800,5.5000
2026-03-31 17:30:27,155.0000,140.0000,148.0000,146.7000,5.4000
2026-03-31 18:00:26,155.0000,140.0000,145.0000,145.7700,5.5400
2026-03-31 18:30:27,155.0000,140.0000,145.0000,145.9200,5.3700
2026-03-31 19:00:29,155.0000,140.0000,145.0000,146.2400,5.3700
2026-03-31 19:30:25,155.0000,140.0000,145.0000,146.3000,5.3200
2026-04-01 07:23:20,155.0000,147.0000,148.0000,147.4100,5.3100
2026-04-01 13:00:14,155.0000,140.0000,148.0000,148.8800,5.2700
2026-04-01 13:30:27,155.0000,140.0000,148.0000,148.3000,5.2800
2026-04-01 14:00:22,150.0000,140.0000,145.0000,145.6600,5.9400
2026-04-01 14:30:20,155.0000,140.0000,148.0000,146.8100,5.6500
2026-04-01 15:00:22,150.0000,140.0000,145.0000,145.9000,5.3600
2026-04-01 17:05:21,150.0000,140.0000,148.0000,147.7600,5.1400
