time,open,high,low,close,volume
2026-03-26 16:59:53,610.0000,575.0000,597.0000,578.6900,8.8300
2026-03-26 17:00:21,610.0000,575.0000,597.0000,578.6900,8.8300
2026-03-26 17:00:21,610.0000,575.0000,597.0000,578.6900,8.8300
2026-03-27 08:42:44,583.0000,575.0000,578.0000,575.7900,9.0300
2026-03-27 09:05:28,583.0000,570.0000,578.0000,574.0800,9.0800
2026-03-27 09:20:15,583.0000,570.0000,578.0000,573.8100,9.0700
2026-03-27 09:31:43,583.0000,570.0000,578.0000,573.0800,9.2200
2026-03-27 09:36:48,583.0000,570.0000,578.0000,573.0800,9.2200
2026-03-27 09:44:03,583.0000,570.0000,578.0000,573.5000,9.1800
2026-03-27 09:46:42,583.0000,570.0000,578.0000,573.8800,9.0700
2026-03-27 09:48:50,583.0000,570.0000,578.0000,573.8800,9.0700
2026-03-27 11:45:00,583.0000,570.0000,578.0000,570.5500,9.3600
2026-03-27 13:00:13,583.0000,570.0000,578.0000,570.3300,9.3900
2026-03-27 13:30:26,583.0000,565.0000,578.0000,569.1900,9.4200
2026-03-27 13:39:41,583.0000,570.0000,578.0000,570.2600,9.3900
2026-03-27 13:57:44,583.0000,565.0000,578.0000,569.2600,14.5700
2026-03-27 14:00:29,580.0000,565.0000,578.0000,569.3600,14.2300
2026-03-27 14:30:29,583.0000,565.0000,578.0000,567.4000,14.2200
2026-03-27 15:00:28,580.0000,565.0000,578.0000,566.1400,15.8000
2026-03-27 15:30:29,580.0000,565.0000,578.0000,567.0400,11.9200
2026-03-27 16:00:30,580.0000,565.0000,578.0000,568.1600,16.4100
2026-03-27 16:30:29,580.0000,565.0000,578.0000,567.3800,17.0400
2026-03-27 17:00:27,580.0000,565.0000,578.0000,566.5400,16.2300
2026-03-27 20:04:07,576.0000,560.0000,576.0000,562.3100,32.2500
2026-03-30 07:04:42,610.0000,560.0000,562.0000,560.1300,9.7400
2026-03-30 07:52:45,610.0000,560.0000,562.0000,560.1300,9.7400
2026-03-30 09:20:57,610.0000,560.0000,567.0000,565.7300,9.2300
2026-03-30 09:25:34,610.0000,560.0000,567.0000,565.7300,9.2300
2026-03-30 09:26:52,610.0000,560.0000,567.0000,565.6100,9.2500
2026-03-30 13:00:14,610.0000,560.0000,567.0000,567.4300,9.0200
2026-03-30 13:30:29,610.0000,560.0000,567.0000,567.2400,9.0200
2026-03-30 14:00:24,567.0000,560.0000,562.0000,564.3500,12.5700
2026-03-30 14:03:54,567.0000,560.0000,562.0000,564.0000,11.8000
2026-03-30 14:30:30,567.0000,560.0000,562.0000,564.0000,11.2000
2026-03-30 14:40:44,567.0000,560.0000,562.0000,563.6700,11.8000
2026-03-30 14:48:55,567.0000,560.0000,562.0000,563.1600,11.6300
2026-03-30 15:00:30,567.0000,560.0000,562.0000,561.7700,10.3400
2026-03-30 15:30:30,567.0000,560.0000,562.0000,562.6500,10.5900
2026-03-30 16:00:30,567.0000,560.0000,567.0000,564.6000,11.4600
2026-03-30 16:30:31,567.0000,560.0000,562.0000,562.9600,10.2200
2026-03-30 17:00:32,567.0000,560.0000,562.0000,562.1200,10.3000
2026-03-30 17:30:32,567.0000,560.0000,562.0000,561.0300,10.5800
2026-03-30 18:00:30,567.0000,560.0000,562.0000,560.4000,9.5300
2026-03-30 18:30:30,567.0000,555.0000,562.0000,559.4000,9.7000
2026-03-30 19:00:28,567.0000,555.0000,562.0000,558.8400,9.9800
2026-03-30 19:30:28,567.0000,555.0000,562.0000,556.0200,9.9600
2026-03-30 20:00:30,567.0000,555.0000,562.0000,557.0000,9.0100
2026-03-31 08:14:00,565.0000,555.0000,561.0000,556.0300,10.4000
