time,open,high,low,close,volume
2026-03-26 16:59:53,667.0000,640.0000,661.0000,649.3700,9.9400
2026-03-26 17:00:21,667.0000,640.0000,661.0000,649.4800,9.9100
2026-03-26 17:00:21,667.0000,640.0000,661.0000,649.4800,9.9100
2026-03-27 08:42:44,667.0000,640.0000,661.0000,645.0900,10.0600
2026-03-27 09:05:28,667.0000,640.0000,661.0000,645.5000,10.0700
2026-03-27 09:20:15,667.0000,640.0000,661.0000,645.3000,10.0600
2026-03-27 09:31:43,667.0000,640.0000,661.0000,644.7500,10.0700
2026-03-27 09:36:48,667.0000,640.0000,661.0000,645.2900,10.0600
2026-03-27 09:44:03,667.0000,640.0000,661.0000,645.2900,10.0600
2026-03-27 09:46:42,667.0000,640.0000,661.0000,645.6400,10.0700
2026-03-27 09:48:50,667.0000,640.0000,661.0000,645.6400,10.0700
2026-03-27 11:45:00,667.0000,640.0000,661.0000,642.4700,10.1400
2026-03-27 13:00:13,667.0000,640.0000,661.0000,642.2200,10.1300
2026-03-27 13:30:26,667.0000,640.0000,661.0000,641.4500,10.2100
2026-03-27 13:39:41,667.0000,640.0000,661.0000,641.9700,10.1800
2026-03-27 13:57:44,667.0000,640.0000,661.0000,640.8800,10.1900
2026-03-27 14:00:29,667.0000,640.0000,661.0000,641.1500,10.0600
2026-03-27 14:30:29,667.0000,630.0000,661.0000,639.3200,9.9700
2026-03-27 15:00:28,667.0000,630.0000,661.0000,638.8800,9.7800
2026-03-27 15:30:29,667.0000,635.0000,661.0000,639.9900,9.6200
2026-03-27 16:00:30,667.0000,640.0000,661.0000,640.7600,9.4200
2026-03-27 16:30:29,667.0000,635.0000,661.0000,639.4400,9.5300
2026-03-27 17:00:27,667.0000,630.0000,661.0000,638.5900,9.5700
2026-03-27 20:04:07,667.0000,630.0000,661.0000,633.8400,10.4100
2026-03-30 07:04:42,667.0000,630.0000,661.0000,634.0900,10.2700
2026-03-30 07:52:45,667.0000,630.0000,661.0000,634.0900,10.2700
2026-03-30 09:20:57,654.0000,630.0000,654.0000,637.9300,10.2600
2026-03-30 09:25:34,654.0000,630.0000,654.0000,637.7200,10.2600
2026-03-30 09:26:52,654.0000,630.0000,654.0000,637.7200,10.2600
2026-03-30 13:00:14,654.0000,630.0000,654.0000,639.6300,10.2500
2026-03-30 13:30:29,654.0000,630.0000,654.0000,639.6300,10.2500
2026-03-30 14:00:24,654.0000,630.0000,654.0000,637.2800,12.8700
2026-03-30 14:03:54,654.0000,630.0000,654.0000,636.3300,13.0900
2026-03-30 14:30:30,654.0000,630.0000,654.0000,636.5000,11.7700
2026-03-30 14:40:44,654.0000,630.0000,654.0000,636.4500,11.8200
2026-03-30 14:48:55,654.0000,630.0000,654.0000,636.3200,11.7800
2026-03-30 15:00:30,654.0000,630.0000,654.0000,634.9000,11.6600
2026-03-30 15:30:30,654.0000,630.0000,654.0000,636.6300,11.6700
2026-03-30 16:00:30,654.0000,630.0000,654.0000,638.0200,11.5500
2026-03-30 16:30:31,654.0000,630.0000,654.0000,636.7300,11.5700
2026-03-30 17:00:32,654.0000,630.0000,654.0000,635.5600,11.2800
2026-03-30 17:30:32,654.0000,630.0000,654.0000,634.6600,11.3400
2026-03-30 18:00:30,654.0000,630.0000,654.0000,634.1400,11.4400
2026-03-30 18:30:30,654.0000,630.0000,654.0000,632.9900,11.2700
2026-03-30 19:00:28,654.0000,630.0000,654.0000,632.4900,10.3100
2026-03-30 19:30:28,654.0000,626.0000,654.0000,629.8700,11.3300
2026-03-30 20:00:30,654.0000,630.0000,654.0000,630.7900,11.0700
2026-03-31 08:14:00,654.0000,630.0000,654.0000,631.9700,11.9500
