time,open,high,low,close,volume
2026-03-26 16:59:53,390.0000,370.0000,382.5000,377.1200,11.2900
2026-03-26 17:00:21,390.0000,370.0000,382.5000,377.1200,11.2900
2026-03-26 17:00:21,390.0000,370.0000,382.5000,377.1200,11.2900
2026-03-27 08:42:44,390.0000,370.0000,382.5000,374.2500,9.8900
2026-03-27 09:05:28,382.5000,370.0000,380.0000,372.9400,10.4700
2026-03-27 09:20:15,382.5000,370.0000,380.0000,372.9400,10.4700
2026-03-27 09:31:43,382.5000,370.0000,380.0000,371.8200,10.4400
2026-03-27 09:36:48,382.5000,370.0000,380.0000,371.5000,10.4300
2026-03-27 09:44:03,382.5000,370.0000,380.0000,371.5000,10.4300
2026-03-27 09:46:42,382.5000,370.0000,380.0000,371.5000,10.4300
2026-03-27 09:48:50,382.5000,370.0000,380.0000,372.7900,10.4600
2026-03-27 11:45:00,382.5000,370.0000,380.0000,370.3500,11.0700
2026-03-27 13:00:13,382.5000,365.0000,380.0000,369.5600,11.0500
2026-03-27 13:30:26,382.5000,365.0000,380.0000,369.0200,11.0700
2026-03-27 13:39:41,382.5000,370.0000,380.0000,370.0000,11.0600
2026-03-27 13:57:44,390.0000,360.0000,380.0000,364.0000,17.5700
2026-03-27 14:00:29,390.0000,360.0000,380.0000,364.6400,17.4300
2026-03-27 14:30:29,390.0000,360.0000,380.0000,363.2100,16.1500
2026-03-27 15:00:28,390.0000,360.0000,380.0000,363.8600,15.2400
2026-03-27 15:30:29,390.0000,365.0000,380.0000,366.3300,14.0600
2026-03-27 16:00:30,390.0000,365.0000,380.0000,367.5100,15.1500
2026-03-27 16:30:29,390.0000,365.0000,380.0000,365.3200,15.1000
2026-03-27 17:00:27,390.0000,362.5000,380.0000,364.0000,15.0000
2026-03-27 20:04:07,370.0000,360.0000,370.0000,361.0200,17.8800
2026-03-30 07:04:42,385.0000,360.0000,380.0000,360.5000,10.3600
2026-03-30 07:52:45,385.0000,360.0000,380.0000,360.5000,10.3600
2026-03-30 09:20:57,385.0000,350.0000,357.5000,364.0500,10.3800
2026-03-30 09:25:34,385.0000,350.0000,357.5000,364.0500,10.3800
2026-03-30 09:26:52,385.0000,350.0000,357.5000,364.0500,10.3800
2026-03-30 13:00:14,385.0000,350.0000,372.5000,365.4000,10.4000
2026-03-30 13:30:29,385.0000,350.0000,372.5000,365.4000,10.4000
2026-03-30 14:00:24,385.0000,360.0000,357.5000,362.8000,12.0100
2026-03-30 14:03:54,385.0000,360.0000,357.5000,363.2500,11.9000
2026-03-30 14:30:30,385.0000,360.0000,357.5000,364.8000,11.5800
2026-03-30 14:40:44,385.0000,360.0000,357.5000,363.7000,11.4800
2026-03-30 14:48:55,385.0000,360.0000,357.5000,363.2800,11.4800
2026-03-30 15:00:30,385.0000,350.0000,357.5000,361.2700,11.5000
2026-03-30 15:30:30,385.0000,360.0000,357.5000,362.6000,11.4100
2026-03-30 16:00:30,385.0000,360.0000,357.5000,364.0000,11.4500
2026-03-30 16:30:31,385.0000,360.0000,357.5000,362.5500,11.4600
2026-03-30 17:00:32,385.0000,350.0000,357.5000,360.2600,11.6200
2026-03-30 17:30:32,372.5000,350.0000,357.5000,358.1300,11.7000
2026-03-30 18:00:30,372.5000,350.0000,357.5000,357.4200,11.7200
2026-03-30 18:30:30,372.5000,350.0000,357.5000,356.3200,11.8500
2026-03-30 19:00:28,372.5000,350.0000,357.5000,355.7500,11.8400
2026-03-30 19:30:28,372.5000,350.0000,357.5000,352.6900,11.9100
2026-03-30 20:00:30,372.5000,350.0000,357.5000,353.5100,11.8100
2026-03-31 08:14:00,372.5000,350.0000,357.5000,352.1200,12.0300
2026-03-31 13:15:51,375.0000,360.0000,357.5000,360.0800,11.7800
2026-03-31 13:30:25,375.0000,360.0000,357.5000,360.2500,11.7900
2026-03-31 13:58:40,375.0000,360.0000,367.5000,364.4900,11.8600
2026-03-31 14:00:27,375.0000,360.0000,365.0000,363.9400,11.7600
2026-03-31 14:30:28,375.0000,360.0000,367.5000,363.3900,11.7300
2026-03-31 14:57:46,375.0000,360.0000,365.0000,364.8100,11.4800
2026-03-31 15:00:28,375.0000,360.0000,365.0000,364.1300,11.4800
2026-03-31 15:30:28,375.0000,360.0000,367.5000,365.6500,11.4400
2026-03-31 15:34:15,375.0000,360.0000,365.0000,365.6500,11.4800
2026-03-31 16:00:28,375.0000,360.0000,367.5000,363.5000,11.3700
2026-03-31 16:30:26,375.0000,360.0000,367.5000,364.0700,11.3500
2026-03-31 17:00:27,375.0000,360.0000,372.5000,370.2900,11.8400
2026-03-31 17:30:27,375.0000,360.0000,372.5000,371.4100,11.7400
2026-03-31 18:00:26,375.0000,360.0000,367.5000,368.9700,11.6800
2026-03-31 18:30:27,375.0000,360.0000,372.5000,370.5400,11.5500
2026-03-31 19:00:29,375.0000,360.0000,372.5000,372.2200,11.7500
2026-03-31 19:30:25,375.0000,360.0000,372.5000,372.4100,11.5800
2026-04-01 07:23:20,375.0000,360.0000,372.5000,375.0000,11.6100
2026-04-01 13:00:14,380.0000,360.0000,372.5000,378.9600,11.6200
2026-04-01 13:30:27,380.0000,360.0000,372.5000,378.2500,11.6500
2026-04-01 14:00:22,385.0000,360.0000,372.5000,374.7100,13.6400
2026-04-01 14:30:20,385.0000,360.0000,372.5000,376.6900,13.0700
2026-04-01 15:00:22,385.0000,370.0000,372.5000,378.9900,12.5700
2026-04-01 17:05:21,385.0000,370.0000,372.5000,381.7000,12.8000
2026-04-01 17:30:29,385.0000,370.0000,372.5000,381.3100,12.7400
2026-04-01 18:00:31,385.0000,370.0000,372.5000,380.9700,12.6800
2026-04-01 18:30:30,385.0000,370.0000,372.5000,379.0100,12.7800
2026-04-01 19:00:31,385.0000,370.0000,372.5000,379.1200,13.3600
2026-04-01 19:30:27,385.0000,370.0000,372.5000,380.1600,13.4500
2026-04-01 20:00:27,385.0000,370.0000,372.5000,380.8600,13.4300
2026-04-02 08:10:49,385.0000,370.0000,372.5000,380.9000,13.8300
2026-04-02 13:00:14,385.0000,370.0000,372.5000,370.5500,14.0500
2026-04-02 13:30:27,385.0000,360.0000,365.0000,365.1600,14.5300
2026-04-02 14:00:26,375.0000,360.0000,365.0000,367.2100,18.9300
2026-04-02 14:30:29,375.0000,360.0000,365.0000,368.1000,16.7600
2026-04-02 15:00:31,375.0000,360.0000,365.0000,367.6300,16.0500
2026-04-02 15:30:29,375.0000,360.0000,365.0000,367.0000,16.1500
2026-04-02 16:00:28,375.0000,360.0000,365.0000,366.9000,16.0700
2026-04-02 16:30:29,375.0000,360.0000,365.0000,365.4000,15.9700
2026-04-02 17:00:27,375.0000,360.0000,365.0000,365.4700,16.4900
2026-04-02 17:30:26,375.0000,360.0000,365.0000,365.5400,16.2100
2026-04-02 18:00:27,365.0000,360.0000,365.0000,361.7900,14.5500
2026-04-02 18:30:27,375.0000,360.0000,365.0000,360.3100,17.8500
2026-04-02 19:00:28,375.0000,360.0000,365.0000,360.5100,17.9900
2026-04-02 19:30:29,375.0000,355.0000,365.0000,359.5600,15.3900
2026-04-03 12:52:23,400.0000,350.0000,377.5000,361.2600,9.1900
2026-04-03 13:00:23,400.0000,350.0000,377.5000,361.2600,9.1900
2026-04-03 13:30:27,400.0000,350.0000,377.5000,361.2600,9.1900
2026-04-03 14:00:26,400.0000,350.0000,377.5000,361.2600,9.1900
2026-04-03 14:30:23,400.0000,350.0000,377.5000,361.2600,9.1900
2026-04-03 15:00:25,400.0000,350.0000,377.5000,361.2600,9.1900
2026-04-03 15:01:47,400.0000,350.0000,377.5000,361.2600,9.1900
2026-04-03 15:30:25,400.0000,350.0000,377.5000,361.2600,9.1900
2026-04-03 16:00:24,400.0000,350.0000,377.5000,361.2600,9.1900
2026-04-03 16:30:21,400.0000,350.0000,377.5000,361.2600,9.1900
2026-04-03 17:00:24,400.0000,350.0000,377.5000,361.2600,9.1900
2026-04-03 17:30:24,400.0000,350.0000,377.5000,361.2600,9.1900
2026-04-03 18:00:21,400.0000,350.0000,377.5000,361.2600,9.1900
2026-04-03 19:02:12,400.0000,350.0000,377.5000,361.2600,9.1900
2026-04-03 19:30:27,400.0000,350.0000,377.5000,361.2600,9.1900
2026-04-03 20:00:22,400.0000,350.0000,377.5000,361.2600,9.1900
2026-04-06 10:12:24,400.0000,350.0000,377.5000,366.0000,9.1400
2026-04-06 13:00:14,400.0000,350.0000,377.5000,363.8600,9.1000
2026-04-06 13:30:27,400.0000,350.0000,377.5000,363.4700,9.1000
2026-04-06 14:00:26,400.0000,350.0000,377.5000,364.3500,9.6500
2026-04-06 14:30:26,400.0000,350.0000,377.5000,358.5400,9.6400
2026-04-06 15:00:28,400.0000,350.0000,377.5000,358.4400,9.5400
2026-04-06 16:00:57,400.0000,350.0000,377.5000,352.8600,9.7000
2026-04-06 16:30:31,400.0000,350.0000,377.5000,352.6800,9.6800
2026-04-06 17:00:30,400.0000,350.0000,377.5000,351.2000,9.7900
2026-04-06 17:30:33,400.0000,335.0000,377.5000,346.8400,10.1200
2026-04-06 18:00:34,400.0000,335.0000,377.5000,348.0800,9.8100
2026-04-06 18:24:41,400.0000,335.0000,377.5000,348.3600,9.9000
2026-04-06 18:30:31,400.0000,335.0000,377.5000,348.6600,9.8600
2026-04-06 19:00:30,400.0000,350.0000,377.5000,350.6500,9.9400
2026-04-06 19:30:33,400.0000,350.0000,377.5000,351.6900,9.8500
2026-04-06 20:00:34,400.0000,350.0000,377.5000,352.2900,9.7800
2026-04-07 08:13:08,400.0000,340.0000,372.5000,349.8800,9.6100
2026-04-07 13:00:12,400.0000,340.0000,372.5000,347.9000,9.5500
2026-04-07 13:30:26,400.0000,340.0000,372.5000,347.7000,9.5500
2026-04-07 14:00:28,400.0000,335.0000,372.5000,345.2300,10.0700
2026-04-07 14:30:30,400.0000,335.0000,372.5000,340.4900,10.1400
2026-04-07 15:00:29,400.0000,335.0000,372.5000,339.5600,10.1100
2026-04-07 15:30:30,400.0000,335.0000,372.5000,338.1400,10.2100
2026-04-07 16:00:33,400.0000,335.0000,372.5000,339.0200,10.1400
2026-04-07 16:30:31,400.0000,335.0000,372.5000,340.3000,10.1600
2026-04-07 17:00:33,400.0000,335.0000,372.5000,342.3100,10.1500
2026-04-07 17:30:34,400.0000,335.0000,372.5000,341.8000,10.2000
2026-04-07 18:00:31,400.0000,335.0000,372.5000,342.7700,10.1800
2026-04-07 18:30:30,400.0000,335.0000,372.5000,342.4800,10.1400
2026-04-07 19:00:31,400.0000,335.0000,372.5000,341.0700,10.3200
2026-04-07 19:30:28,400.0000,335.0000,372.5000,340.8300,10.2800
2026-04-08 13:00:14,400.0000,350.0000,362.5000,363.0700,10.1200
2026-04-08 13:30:30,400.0000,350.0000,362.5000,364.4300,10.1600
2026-04-08 14:00:33,400.0000,350.0000,357.5000,355.1100,9.6600
2026-04-08 14:30:33,400.0000,350.0000,352.5000,351.0600,9.8700
2026-04-08 14:40:50,400.0000,335.0000,352.5000,349.3900,9.9500
2026-04-08 15:00:32,400.0000,335.0000,352.5000,349.4000,9.9300
2026-04-08 15:30:33,400.0000,335.0000,352.5000,347.0700,10.1100
2026-04-08 16:00:32,400.0000,335.0000,352.5000,345.3700,10.1900
2026-04-08 16:30:30,400.0000,335.0000,352.5000,347.4200,9.8300
2026-04-08 17:00:26,400.0000,335.0000,352.5000,348.2600,9.8700
2026-04-08 17:30:27,400.0000,335.0000,352.5000,347.6900,9.8500
2026-04-08 18:00:31,400.0000,335.0000,352.5000,346.2400,10.0900
2026-04-08 18:30:29,400.0000,335.0000,352.5000,347.8700,9.8800
2026-04-08 19:00:30,400.0000,335.0000,352.5000,341.9200,10.3400
2026-04-08 19:30:28,400.0000,335.0000,352.5000,342.4100,10.1900
2026-04-08 20:00:24,400.0000,335.0000,352.5000,341.6500,10.2300
2026-04-09 10:21:51,352.5000,335.0000,342.5000,344.3500,9.9100
2026-04-09 13:00:08,352.5000,335.0000,342.5000,342.9700,9.8700
2026-04-09 13:30:20,352.5000,335.0000,342.5000,342.8800,9.8700
2026-04-09 14:00:23,352.5000,335.0000,342.5000,344.3900,9.7200
2026-04-09 14:30:23,352.5000,335.0000,342.5000,339.7200,9.8400
2026-04-09 15:00:27,352.5000,335.0000,342.5000,341.3500,9.7300
2026-04-09 15:30:27,352.5000,335.0000,342.5000,343.3800,9.5400
2026-04-09 16:00:20,352.5000,335.0000,342.5000,343.0300,9.4500
2026-04-09 16:30:24,352.5000,335.0000,347.5000,347.0400,9.6300
2026-04-09 17:00:29,352.5000,335.0000,347.5000,347.1200,9.7300
2026-04-09 17:30:28,352.5000,335.0000,347.5000,347.6300,9.6800
2026-04-09 18:00:31,352.5000,335.0000,347.5000,348.3800,9.6500
2026-04-09 18:30:28,352.5000,335.0000,347.5000,346.3900,9.6700
2026-04-09 19:00:27,352.5000,335.0000,347.5000,345.7000,9.6100
2026-04-09 19:30:25,352.5000,335.0000,347.5000,345.0400,9.5100
2026-04-09 20:00:25,352.5000,335.0000,347.5000,345.8400,9.4800
2026-04-10 11:07:05,352.5000,335.0000,347.5000,345.8000,9.4300
2026-04-10 13:00:15,352.5000,335.0000,347.5000,346.8800,9.4600
2026-04-10 13:30:30,352.5000,335.0000,347.5000,346.9800,9.4600
2026-04-10 14:00:31,352.5000,335.0000,347.5000,346.0900,9.3600
2026-04-10 14:30:29,352.5000,335.0000,347.5000,346.4300,9.1300
2026-04-10 15:00:23,352.5000,335.0000,347.5000,346.2000,8.9800
